960
4536
20480
4752
8640
288000
13
135
2156
1920
12348
42105
660
98
194400
746803744
5044
105
288
87480
688978813
13122
7290
9800
15876
989447237
18
486000
44550
107
8100
8424
587234
62208
59400
2016
4158
6750
109
31200
102
182250
128000
25
864
60480
3
696
7040
204120
26880
6541551
57600
104976
15400
7680
1960
43200
34
136080
430080
112
1056
8064
33108
37
13500
30240
58320
5200
13680
47473
25920
64922375
1000000000
75
7897861
700
86400
69984
9240
998506315
80
8772
7776
115200
35
5120
934
256000
29952
28672
5040
4655
39600
9409159
98415
8
2100
7200
12960
11085765
194241
816
441
86
5376
576
6399199
900360029
161280
21504
33696
2707
8316
6
67200
79
257
6075
1741
94770
21840
107520
13824
99000
4
87
192
24192
105000
1890
131220
473
306180
40960
301056
39936
16
112896
28000
96
82
115
15552
217728
272160
122880
38497
98304
8550
180000
244944
82268566
226151256
122877509
74
103680
29250
79548
74088
29120
270000
4312
47040
621008
85881
2340
132000
6000
64800
23
31500
300
323
66
108
8660
4050
236250
1904
31104
7560
78
155520
128
35503
1323
375000
163840
164640
19656
786432
89600
4620
142560
9408
72576
170100
114688
10752
27456
93312
100800
2640
699840
1944
279936
32805
4000
174960
8748
12288
145800
5625
3584
14560
31590
127
2304
3120
13440
47
138240
414720
180
94500
18432
5073
62
432255
10080
999999998
21952
949106497
96000
2560
16224
1584
8826131
10560
41472
1600
2097152
24
75600
32256
2592
25490988
12768
125
64
9489
14256
31752
63360
459270
29700
633
12000
49500
8000
5760
81
34848
926315427
810
126720
70
10
23760
83
139968
12672
77
8208
34560
268800
38016
9425
67
63000
3600
1520
50000
655360
72900
64680
131
4608
38880
160
8372259
2730
69
3168
395
546750
408240
110250
2200
145152
1001604
49920
84480
105600
23100
6765
4788
162000
36
20592
361
311040
12800
68
396
8250
186624
70400
7025
200000
40824
5824
291600
409342369
233280
31680
331776
3264
235200
5304
55296
510205
4320
24000
4680
5616
8400
2688
20736
2880
207360
2618049
35640
49
71280
19
60
2250
123
998244353
196608
1001
85050
61740
364500
5000
90
420
56448
25600
144000
21870
198450
103
6552
94
71805
42000
32000
49392
23040
33750
150528
442368
56160
29400
904152917
11264
813
84579
84000
12096
230400
1215
3375
32
18480
4032
63504
211680
8976
1728
193536
12870
49152
5721
95256
111
524288
10368
7128
48238
57624
221184
3645
104
5808
7785
15
9216
29160
47958485
215040
76032
9180
405000
5520
994617
44
75264
1386
16524
2160
15680
1701
1
501
900
6300
81000
141120
7056
34944
9827
7389
2310
1100
96768
6037
276480
10500
3564
25002
176400
518400
2000
57
6930
115248
2520
43740
97
24480
27720
3960
5184
393216
116640
24696
118272
7455307
524880
124
5657
33600
40950
42
22950
23115571
665
93
7920
172032
8015864
22176
102060
7
2600
8320
54432
50400
84
36283838
11340
983900459
23400
18240
460800
113
6720
142884
1848
92400
42336
74880
5250
26
15390
6400
118800
26460
8087519
59136
169344
13860
30973
52800
168960
118263990
14336
77760
999999999
8624
21383
4160
35280
96228
1008
5601
24576
99840
4560
101250
49896
1836
225792
21
224
42768
7390
52416
2352
16800
6804
388800
57344
519
126
61440
85536
782
165888
45360
1671
954158175
9000
546
216
202500
151200
34111
33
89100
3696
56700
2
4800
181440
5600
16464
19800
21384
53940
4539685
117
1632
368640
9
25200
16000
622080
30030
42120
71
1000000
302400
131980
100696425
20328
34020
641
216000
2070
110592
468
3509575
3510
3072
120
68040
48510
614400
37800
11664
625433749
986129769
16128
17136
51030
214573
2431
1620
1764
4725
48600
252000
80949857
322560
70560
28800
282791
40320
322081025
517759
163296
120000
294912
17820
53
23328
42755209
123480
45000
65
12240
52
80640
27216
72000
150000
583200
95
19008
50688
23232
3157819
432000
18720
300000
53760
10710
5280
46
36864
589833267
3900
179200
41580
31
48384
16200
2268
653477439
336000
8960
79200
157464
4896
65610
112000
482421315
6480
134400
640
35100
52920
307200
19440
3780
5
69888
999999937
15120
725573
153600
82944
5400
84240
22848
474
6600
324000
987
19200
1500
129024
2940
1440
22500
12150
63180
118
241920
101
21000
472392
58800
64512
961175759
33792
646
11232
189
7392
76
44800
226800
552960
916855204
9100
1512
15288
184320
346742385
7296
30720
673921
4733
4704
78750
17920
209952
29
792
50
14112
57024
349920
24300
540
14400
54880
28080
3456
88704
72
17550
3240
4914
10260
13056
4480
5767201
240000
22680
17
8347
340200
14700
3024
168000
2720
88
94080
55
314928
9900
2025
4943
362
1824
81920
11
16380
922505446
38
73
967669583
50544
345600
92
245760
66528
14688
17424
37440
697106497
40
170
61966
2736
16320
59
912
1800
196830
9450
48
14
1249
116
457481
480000
124416
805306368
12544
491520
92317161
630
248832
28512
3371
91
32076
32640
33401221
54
4675
1680
22464
1048576
51840
957262828
92160
99
3864
3528
4200
567
133650
27184698
193
29484
4488
10240
129
78000
8448
58054077
4374
135000
3312
47628
201600
20
559
70000
4410
969
18000
20160
51
60000
108864
49000
125440
32670
70235461
46464
119
56
938017885
147456
504
9504
95040
1817
5346
243000
129600
2400
13230
38400
54600
122
73728
1134
43680
360000
7500
259200
105840
10800
281
2906162
97200
67500
43
787320
3360
1530
27000
67893369
28
83160
41600
17640
34300
90720
6840
262440
536870912
32768
1615
52488
86016
76800
63
32400
768
127008
110
22
11016
17280
15750
5940
91857
21600
121
466560
46080
192000
54000
5297
672
21168
85
7938
391
15840
48000
45
10000
44928
20000
1260
132300
3000
2403381
18816
108000
393660
11000
448
64152
362880
106
30
981028563
9600
24750
67584
58
2376
66150
65536
89
81648
49280
2430
281250
476014
14040
70200
85712697
69120
964532929
373248
