Case #1: -1
Case #2: -1
Case #3: 6 3 3 3 5 9 18
Case #4: 8 2 4 4 4 4 7 7 9
Case #5: 4 1 7 9 24
Case #6: 5 4 4 6 6 21
Case #7: 9 1 1 1 1 1 1 1 7 27
Case #8: 8 3 4 4 4 5 6 6 9
Case #9: -1
Case #10: -1
Case #11: 6 1 1 5 5 13 16
Case #12: -1
Case #13: 6 3 4 6 8 10 10
Case #14: 6 4 6 6 8 8 9
Case #15: 4 4 7 10 20
Case #16: 8 1 1 1 1 1 1 1 34
Case #17: 29 1 1 1 1 1 1 1 1 1 1 1 1 1 1 1 1 1 1 1 1 1 1 1 1 1 1 1 1 13
Case #18: -1
Case #19: 6 4 5 5 8 9 10
Case #20: 3 5 12 24
Case #21: 9 2 3 3 3 3 5 6 7 9
Case #22: 5 3 6 7 12 13
Case #23: 7 2 3 4 5 6 8 13
Case #24: 5 4 4 5 9 19
Case #25: 6 3 5 5 8 9 11
Case #26: -1
Case #27: 6 5 5 6 6 8 11
Case #28: -1
Case #29: 5 6 6 8 9 12
Case #30: -1
Case #31: 4 5 6 15 15
Case #32: 5 2 3 6 9 21
Case #33: 4 6 6 11 18
Case #34: -1
Case #35: -1
Case #36: 5 4 4 8 9 16
Case #37: 5 3 6 7 7 18
Case #38: 6 4 4 4 5 8 16
Case #39: 6 1 2 5 9 11 13
Case #40: 5 4 5 9 10 13
Case #41: -1
Case #42: 7 2 3 6 7 7 8 8
Case #43: -1
Case #44: 6 2 5 5 7 10 12
Case #45: 9 3 3 3 3 5 6 6 6 6
Case #46: 6 5 5 5 8 9 9
Case #47: -1
Case #48: 5 1 1 1 6 32
Case #49: -1
Case #50: 3 7 10 24
Case #51: -1
Case #52: 4 7 10 10 14
Case #53: 4 2 7 8 24
Case #54: 13 1 1 1 1 1 1 1 1 1 1 1 3 27
Case #55: 5 7 7 7 10 10
Case #56: -1
Case #57: 6 3 6 6 7 8 11
Case #58: 6 3 4 7 8 8 11
Case #59: 4 1 6 7 27
Case #60: 6 3 3 3 10 11 11
Case #61: 7 4 4 6 6 6 7 8
Case #62: 4 5 10 11 15
Case #63: -1
Case #64: 21 1 1 1 1 1 1 1 1 1 1 1 1 1 1 1 1 1 1 1 3 19
Case #65: 5 5 6 9 10 11
Case #66: -1
Case #67: -1
Case #68: 6 1 3 3 3 5 26
Case #69: 8 3 3 3 4 6 6 7 9
Case #70: -1
Case #71: -1
Case #72: 8 3 3 4 4 5 6 6 10
Case #73: 10 1 1 1 1 1 1 1 1 2 31
Case #74: 6 5 5 5 7 9 10
Case #75: -1
Case #76: 6 2 5 6 6 10 12
Case #77: -1
Case #78: -1
Case #79: 7 1 1 1 1 1 4 32
Case #80: 6 3 5 5 5 11 12
Case #81: -1
Case #82: 5 3 8 8 9 13
Case #83: 8 4 4 4 4 4 5 8 8
Case #84: 3 1 3 37
Case #85: 7 2 3 5 6 8 8 9
Case #86: 5 2 7 8 8 16
Case #87: 5 3 6 8 12 12
Case #88: 5 3 3 10 11 14
Case #89: 6 3 4 4 5 8 17
Case #90: 5 5 5 9 10 12
Case #91: -1
Case #92: 7 3 4 4 4 5 8 13
Case #93: -1
Case #94: -1
Case #95: 6 1 5 5 9 10 11
Case #96: 7 2 4 5 6 6 9 9
Case #97: 8 4 4 4 5 6 6 6 6
Case #98: 6 6 6 6 7 8 8
Case #99: -1
Case #100: 5 5 8 8 10 10
Case #101: 8 3 3 5 5 5 5 5 10
Case #102: 6 1 2 5 9 9 15
Case #103: 5 6 6 7 9 13
Case #104: -1
Case #105: 5 3 3 8 9 18
Case #106: 5 1 1 2 15 22
Case #107: 7 2 3 3 5 6 9 13
Case #108: 6 2 6 6 6 8 13
Case #109: -1
Case #110: 7 1 1 3 3 3 15 15
Case #111: -1
Case #112: 4 2 5 12 22
Case #113: 7 2 3 4 4 7 8 13
Case #114: -1
Case #115: 5 4 4 9 9 15
Case #116: 6 2 4 5 8 10 12
Case #117: 11 1 1 1 1 1 1 1 1 1 5 27
Case #118: 10 2 3 4 4 4 4 4 4 4 8
Case #119: 4 3 7 8 23
Case #120: -1
Case #121: -1
Case #122: 7 4 6 6 6 6 6 7
Case #123: 3 10 10 21
Case #124: 3 11 13 17
Case #125: 6 2 5 5 7 9 13
Case #126: 5 4 7 7 9 14
Case #127: 5 2 3 8 11 17
Case #128: 5 4 9 9 9 10
Case #129: 6 1 3 3 5 10 19
Case #130: 4 2 9 14 16
Case #131: 5 2 4 5 5 25
Case #132: 22 1 1 1 1 1 1 1 1 1 1 1 1 1 1 1 1 1 1 1 1 7 14
Case #133: 5 5 8 9 9 10
Case #134: 31 1 1 1 1 1 1 1 1 1 1 1 1 1 1 1 1 1 1 1 1 1 1 1 1 1 1 1 1 1 1 11
Case #135: 7 3 4 6 6 6 7 9
Case #136: 8 3 4 4 5 5 5 6 9
Case #137: 7 1 4 4 8 8 8 8
Case #138: -1
Case #139: 7 3 5 5 6 6 8 8
Case #140: 6 2 5 7 7 9 11
Case #141: 4 2 5 13 21
Case #142: 6 1 2 4 5 13 16
Case #143: 7 1 1 1 1 1 3 33
Case #144: 5 1 2 7 10 21
Case #145: 6 2 4 6 8 9 12
Case #146: -1
Case #147: 6 1 2 4 4 5 25
Case #148: 6 3 3 4 8 10 13
Case #149: 7 4 5 5 5 6 8 8
Case #150: 7 1 1 1 1 3 7 27
Case #151: 5 3 5 5 8 20
Case #152: 5 3 6 6 11 15
Case #153: 4 2 4 14 21
Case #154: 6 3 3 3 5 10 17
Case #155: 5 1 2 5 13 20
Case #156: 5 3 3 5 5 25
Case #157: 7 1 1 1 1 1 1 35
Case #158: 12 1 1 1 1 1 1 1 1 1 1 2 29
Case #159: 7 2 3 4 8 8 8 8
Case #160: -1
Case #161: 16 1 1 1 1 1 1 1 1 1 1 1 1 1 1 4 23
Case #162: 6 1 1 2 5 9 23
Case #163: -1
Case #164: 7 3 5 6 6 6 7 8
Case #165: 5 7 7 8 9 10
Case #166: 6 4 6 6 6 8 11
Case #167: 5 2 3 8 9 19
Case #168: 5 1 1 3 17 19
Case #169: -1
Case #170: 5 1 1 1 2 36
Case #171: 6 2 3 4 8 11 13
Case #172: 19 1 1 1 1 1 1 1 1 1 1 1 1 1 1 1 1 1 4 20
Case #173: 6 3 4 5 8 10 11
Case #174: 4 3 7 13 18
Case #175: 6 1 4 8 8 10 10
Case #176: 6 1 4 4 4 8 20
Case #177: 8 2 3 4 4 4 8 8 8
Case #178: 6 5 6 6 8 8 8
Case #179: -1
Case #180: 4 1 3 8 29
Case #181: 8 2 3 4 5 5 7 7 8
Case #182: 6 2 5 5 5 9 15
Case #183: 9 3 3 3 3 3 5 6 6 9
Case #184: 4 2 12 12 15
Case #185: 9 2 3 4 4 4 4 6 6 8
Case #186: 4 4 8 8 21
Case #187: 6 2 4 4 7 8 16
Case #188: 4 2 5 7 27
Case #189: 7 2 3 4 5 8 8 11
Case #190: 6 5 5 6 7 9 9
Case #191: 7 3 4 5 5 5 9 10
Case #192: 7 2 5 5 6 6 6 11
Case #193: -1
Case #194: -1
Case #195: -1
Case #196: 7 4 5 5 5 5 8 9
Case #197: 11 1 1 1 1 1 1 1 1 1 1 31
Case #198: 6 3 5 6 8 9 10
Case #199: 5 3 5 8 10 15
Case #200: 8 3 3 3 3 3 3 10 13
Case #201: -1
Case #202: 7 3 4 5 5 5 8 11
Case #203: 6 4 5 5 9 9 9
Case #204: -1
Case #205: 17 1 1 1 1 1 1 1 1 1 1 1 1 1 1 1 2 24
Case #206: 6 1 4 8 8 8 12
Case #207: 6 1 4 4 5 13 14
Case #208: 5 4 4 5 10 18
Case #209: 12 1 1 1 1 1 1 1 1 1 1 3 28
Case #210: 5 3 4 7 8 19
Case #211: -1
Case #212: 8 3 4 4 4 4 4 6 12
Case #213: 6 2 5 5 9 10 10
Case #214: 7 2 4 6 6 7 7 9
Case #215: 8 1 1 1 2 9 9 9 9
Case #216: 7 2 5 6 6 6 7 9
Case #217: -1
Case #218: 6 5 6 6 6 9 9
Case #219: 4 1 3 10 27
Case #220: 4 3 5 13 20
Case #221: 9 1 1 1 1 1 1 1 3 31
Case #222: 7 2 3 5 6 6 6 13
Case #223: 5 3 7 8 9 14
Case #224: 9 1 1 1 1 1 1 1 1 33
Case #225: 8 2 4 4 4 4 6 7 10
Case #226: 5 2 3 3 13 20
Case #227: 6 2 3 6 9 10 11
Case #228: 8 2 4 4 5 5 5 8 8
Case #229: 8 3 3 4 4 4 6 7 10
Case #230: 5 4 4 4 14 15
Case #231: 5 2 3 5 8 23
Case #232: 6 3 3 3 9 10 13
Case #233: -1
Case #234: 9 2 4 4 4 4 4 5 6 8
Case #235: 18 1 1 1 1 1 1 1 1 1 1 1 1 1 1 1 1 1 24
Case #236: 4 6 6 14 15
Case #237: 5 1 1 1 3 35
Case #238: -1
Case #239: 5 4 4 5 14 14
Case #240: 6 6 6 6 6 6 11
Case #241: 8 3 4 4 4 5 5 7 9
Case #242: 3 12 14 15
Case #243: 4 5 12 12 12
Case #244: -1
Case #245: 21 1 1 1 1 1 1 1 1 1 1 1 1 1 1 1 1 1 1 1 9 13
Case #246: 23 1 1 1 1 1 1 1 1 1 1 1 1 1 1 1 1 1 1 1 1 1 1 19
Case #247: -1
Case #248: 5 2 4 8 11 16
Case #249: 37 1 1 1 1 1 1 1 1 1 1 1 1 1 1 1 1 1 1 1 1 1 1 1 1 1 1 1 1 1 1 1 1 1 1 1 1 5
Case #250: 6 2 5 6 6 7 15
Case #251: 7 2 5 5 6 7 8 8
Case #252: 7 3 3 5 6 6 9 9
Case #253: 32 1 1 1 1 1 1 1 1 1 1 1 1 1 1 1 1 1 1 1 1 1 1 1 1 1 1 1 1 1 1 1 10
Case #254: 7 1 1 1 1 1 17 19
Case #255: 6 4 5 5 7 10 10
Case #256: 6 2 6 6 6 7 14
Case #257: -1
Case #258: 7 2 3 6 6 7 8 9
Case #259: 9 2 3 4 4 4 4 5 7 8
Case #260: 28 1 1 1 1 1 1 1 1 1 1 1 1 1 1 1 1 1 1 1 1 1 1 1 1 1 1 1 14
Case #261: 7 3 3 6 6 7 7 9
Case #262: 6 3 3 5 9 9 12
Case #263: 13 1 1 1 1 1 1 1 1 1 1 1 5 25
Case #264: 29 1 1 1 1 1 1 1 1 1 1 1 1 1 1 1 1 1 1 1 1 1 1 1 1 1 1 1 7 7
Case #265: -1
Case #266: 5 1 10 10 10 10
Case #267: 5 2 3 4 16 16
Case #268: 5 3 3 4 13 18
Case #269: -1
Case #270: -1
Case #271: 4 6 8 9 18
Case #272: 8 3 3 3 3 3 5 10 11
Case #273: 5 3 7 8 8 15
Case #274: -1
Case #275: 33 1 1 1 1 1 1 1 1 1 1 1 1 1 1 1 1 1 1 1 1 1 1 1 1 1 1 1 1 1 1 1 1 9
Case #276: 7 5 5 6 6 6 6 7
Case #277: 6 2 6 7 8 9 9
Case #278: -1
Case #279: 4 7 10 12 12
Case #280: 6 3 3 3 3 10 19
Case #281: 7 3 5 5 6 6 7 9
Case #282: 3 6 17 18
Case #283: 8 4 4 4 4 5 5 6 9
Case #284: 7 2 3 5 7 8 8 8
Case #285: 5 3 8 9 9 12
Case #286: 4 2 6 15 18
Case #287: 8 1 1 2 5 5 5 9 13
Case #288: 4 4 10 11 16
Case #289: 7 1 1 3 3 3 5 25
Case #290: 3 10 13 18
Case #291: 7 3 4 5 6 6 6 11
Case #292: 7 3 4 4 4 7 8 11
Case #293: 8 3 4 4 4 4 5 5 12
Case #294: 4 3 6 16 16
Case #295: -1
Case #296: 4 1 1 1 38
Case #297: 4 3 9 11 18
Case #298: 8 3 3 5 6 6 6 6 6
Case #299: 6 3 7 7 7 8 9
Case #300: 3 1 18 22
Case #301: 5 3 5 6 13 14
Case #302: -1
Case #303: 8 3 3 4 4 5 6 7 9
Case #304: 6 2 4 5 5 12 13
Case #305: -1
Case #306: 6 3 4 5 9 10 10
Case #307: -1
Case #308: -1
Case #309: 6 5 5 7 8 8 8
Case #310: 14 1 1 1 1 1 1 1 1 1 1 1 1 1 28
Case #311: 8 3 4 4 4 4 6 6 10
Case #312: 8 4 4 4 4 4 6 6 9
Case #313: 6 3 3 5 7 11 12
Case #314: -1
Case #315: 6 5 6 6 7 8 9
Case #316: 5 4 4 9 11 13
Case #317: -1
Case #318: 6 2 5 5 8 8 13
Case #319: 5 4 7 7 7 16
Case #320: -1
Case #321: 4 8 10 11 12
Case #322: 7 2 3 5 5 6 9 11
Case #323: 6 1 1 3 8 11 17
Case #324: 6 2 5 5 6 11 12
Case #325: 4 6 8 11 16
Case #326: 5 1 1 6 16 17
Case #327: 7 4 4 5 5 7 8 8
Case #328: 5 1 4 7 13 16
Case #329: 4 2 6 12 21
Case #330: 5 5 6 7 9 14
Case #331: 5 1 3 8 10 19
Case #332: 4 2 8 10 21
Case #333: 19 1 1 1 1 1 1 1 1 1 1 1 1 1 1 1 1 1 3 21
Case #334: -1
Case #335: 4 4 5 12 20
Case #336: -1
Case #337: 4 1 4 11 25
Case #338: 4 2 7 16 16
Case #339: 5 5 8 8 8 12
Case #340: 8 4 4 5 5 5 6 6 6
Case #341: 6 2 6 6 8 8 11
Case #342: 4 6 7 12 16
Case #343: 7 2 3 6 6 6 9 9
Case #344: 6 1 3 7 8 11 11
Case #345: 7 2 3 5 7 7 8 9
Case #346: -1
Case #347: 7 3 3 3 6 6 9 11
Case #348: 5 6 8 8 9 10
Case #349: 6 5 6 6 6 7 11
Case #350: 6 3 4 6 9 9 10
Case #351: 3 8 9 24
Case #352: -1
Case #353: 4 3 7 12 19
Case #354: 5 4 4 6 10 17
Case #355: 5 4 7 9 10 11
Case #356: -1
Case #357: 6 2 5 6 6 9 13
Case #358: 5 4 4 6 9 18
Case #359: -1
Case #360: 8 3 4 4 4 4 7 7 8
Case #361: 4 2 3 4 32
Case #362: 7 2 3 7 7 7 7 8
Case #363: -1
Case #364: 19 1 1 1 1 1 1 1 1 1 1 1 1 1 1 1 1 1 5 19
Case #365: 6 2 7 7 8 8 9
Case #366: -1
Case #367: 6 2 5 6 8 10 10
Case #368: 9 2 3 4 4 4 4 4 8 8
Case #369: 4 3 7 10 21
Case #370: 5 1 1 1 1 37
Case #371: 8 4 4 4 4 5 6 6 8
Case #372: 9 2 3 3 3 5 5 5 6 9
Case #373: 6 3 4 6 6 9 13
Case #374: -1
Case #375: 6 1 8 8 8 8 8
Case #376: 8 3 5 5 5 5 5 5 8
Case #377: 7 3 5 5 5 6 8 9
Case #378: 6 2 5 7 9 9 9
Case #379: 7 3 4 4 7 7 8 8
Case #380: 6 2 6 8 8 8 9
Case #381: 4 1 3 7 30
Case #382: 7 5 5 5 6 6 6 8
Case #383: 6 4 6 6 7 9 9
Case #384: 6 2 6 6 7 8 12
Case #385: -1
Case #386: 7 2 3 4 4 4 8 16
Case #387: 7 4 5 6 6 6 6 8
Case #388: 4 3 3 16 19
Case #389: 4 2 6 6 27
Case #390: -1
Case #391: -1
Case #392: 20 1 1 1 1 1 1 1 1 1 1 1 1 1 1 1 1 1 1 2 21
Case #393: 6 2 5 6 7 9 12
Case #394: -1
Case #395: 10 1 1 1 1 1 1 1 1 3 30
Case #396: 8 3 3 3 3 5 7 7 10
Case #397: 15 1 1 1 1 1 1 1 1 1 1 1 1 1 3 25
Case #398: 8 3 4 4 4 4 5 7 10
Case #399: -1
Case #400: 4 5 10 10 16
Case #401: 6 4 4 6 7 8 12
Case #402: 3 8 8 25
Case #403: 6 3 5 7 7 7 12
Case #404: -1
Case #405: 7 2 3 5 5 8 9 9
Case #406: 41 1 1 1 1 1 1 1 1 1 1 1 1 1 1 1 1 1 1 1 1 1 1 1 1 1 1 1 1 1 1 1 1 1 1 1 1 1 1 1 1 1
Case #407: 4 5 5 10 21
Case #408: 5 3 5 7 10 16
Case #409: 6 6 6 6 6 8 9
Case #410: 10 2 3 3 3 3 3 3 6 6 9
Case #411: 5 1 5 10 10 15
Case #412: -1
Case #413: 2 9 32
Case #414: -1
Case #415: 7 5 6 6 6 6 6 6
Case #416: 6 2 6 7 8 8 10
Case #417: 39 1 1 1 1 1 1 1 1 1 1 1 1 1 1 1 1 1 1 1 1 1 1 1 1 1 1 1 1 1 1 1 1 1 1 1 1 1 1 3
Case #418: 5 4 5 8 8 16
Case #419: 5 4 4 7 10 16
Case #420: -1
Case #421: 5 2 3 9 9 18
Case #422: 6 2 5 7 8 8 11
Case #423: 6 3 5 6 9 9 9
Case #424: 4 2 9 15 15
Case #425: 5 1 3 7 14 16
Case #426: 3 6 10 25
Case #427: 5 2 3 7 11 18
Case #428: -1
Case #429: 6 3 6 6 6 9 11
Case #430: 5 2 3 5 11 20
Case #431: 4 3 6 11 21
Case #432: 10 2 3 3 3 3 4 5 6 6 6
Case #433: 27 1 1 1 1 1 1 1 1 1 1 1 1 1 1 1 1 1 1 1 1 1 1 1 1 1 5 11
Case #434: 7 2 4 5 7 7 7 9
Case #435: 8 3 3 4 5 5 5 6 10
Case #436: 6 3 3 4 4 10 17
Case #437: -1
Case #438: 4 2 6 16 17
Case #439: 5 5 8 8 9 11
Case #440: 9 3 3 3 4 5 5 6 6 6
Case #441: 5 5 7 8 8 13
Case #442: 25 1 1 1 1 1 1 1 1 1 1 1 1 1 1 1 1 1 1 1 1 1 1 1 3 15
Case #443: 7 3 4 5 5 6 8 10
Case #444: 8 1 1 1 1 1 1 3 32
Case #445: 8 2 3 4 4 4 5 8 11
Case #446: -1
Case #447: -1
Case #448: 4 1 1 7 32
Case #449: 5 4 7 9 9 12
Case #450: 4 2 10 14 15
Case #451: 5 1 2 5 16 17
Case #452: 5 3 3 6 12 17
Case #453: 5 4 4 4 8 21
Case #454: 7 2 5 6 6 6 8 8
Case #455: 17 1 1 1 1 1 1 1 1 1 1 1 1 1 1 1 1 25
Case #456: 4 3 5 8 25
Case #457: 6 3 3 4 8 11 12
Case #458: 6 4 5 6 7 9 10
Case #459: 7 2 4 5 6 8 8 8
Case #460: 13 1 1 1 1 1 1 1 1 1 1 1 4 26
Case #461: 5 1 3 6 8 23
Case #462: 4 5 10 12 14
Case #463: 5 6 7 8 10 10
Case #464: 4 3 6 14 18
Case #465: 7 2 5 5 5 6 8 10
Case #466: 6 1 1 1 3 11 24
Case #467: 6 1 1 1 2 17 19
Case #468: -1
Case #469: 3 1 10 30
Case #470: 3 5 6 30
Case #471: 7 2 5 5 5 5 7 12
Case #472: -1
Case #473: 4 2 8 9 22
Case #474: 6 1 1 2 5 16 16
Case #475: 4 3 11 11 16
Case #476: -1
Case #477: -1
Case #478: -1
Case #479: 8 3 4 5 5 6 6 6 6
Case #480: -1
Case #481: 5 3 7 8 11 12
Case #482: 8 2 4 4 5 5 5 6 10
Case #483: 5 2 5 5 14 15
Case #484: 3 7 7 27
Case #485: 4 3 8 13 17
Case #486: 8 1 3 3 5 5 7 7 10
Case #487: -1
Case #488: 4 5 6 10 20
Case #489: 3 8 12 21
Case #490: 7 3 5 5 5 7 8 8
Case #491: -1
Case #492: 4 2 5 9 25
Case #493: 6 4 5 7 8 8 9
Case #494: 5 4 4 7 12 14
Case #495: 8 4 4 4 4 4 5 6 10
Case #496: 7 2 3 5 5 8 8 10
Case #497: 3 9 16 16
Case #498: 2 5 36
Case #499: 21 1 1 1 1 1 1 1 1 1 1 1 1 1 1 1 1 1 1 1 11 11
Case #500: 6 2 6 6 8 9 10
Case #501: -1
Case #502: 5 1 3 3 7 27
Case #503: 5 4 4 4 11 18
Case #504: -1
Case #505: -1
Case #506: 6 1 2 7 7 9 15
Case #507: 7 3 4 5 6 7 8 8
Case #508: -1
Case #509: 5 6 6 9 9 11
Case #510: 15 1 1 1 1 1 1 1 1 1 1 1 1 1 2 26
Case #511: 3 3 14 24
Case #512: -1
Case #513: 6 2 5 6 6 8 14
Case #514: -1
Case #515: 6 3 5 5 8 10 10
Case #516: 2 20 21
Case #517: 7 3 4 4 6 8 8 8
Case #518: 6 2 3 4 7 8 17
Case #519: 5 3 5 6 11 16
Case #520: -1
Case #521: 4 2 10 13 16
Case #522: 7 4 5 5 6 6 7 8
Case #523: 8 3 4 4 5 5 5 5 10
Case #524: 8 4 4 4 4 4 4 8 9
Case #525: 25 1 1 1 1 1 1 1 1 1 1 1 1 1 1 1 1 1 1 1 1 1 1 1 7 11
Case #526: 5 3 4 8 13 13
Case #527: 8 3 4 4 4 5 5 6 10
Case #528: 9 2 3 3 3 5 6 6 6 7
Case #529: 4 5 9 12 15
Case #530: 6 3 4 5 8 8 13
Case #531: 10 2 3 3 3 3 3 3 5 7 9
Case #532: -1
Case #533: 21 1 1 1 1 1 1 1 1 1 1 1 1 1 1 1 1 1 1 1 1 21
Case #534: 8 3 3 4 5 5 6 6 9
Case #535: 8 1 1 1 1 1 1 4 31
Case #536: 23 1 1 1 1 1 1 1 1 1 1 1 1 1 1 1 1 1 1 1 1 1 3 17
Case #537: -1
Case #538: 5 3 3 11 12 12
Case #539: -1
Case #540: 16 1 1 1 1 1 1 1 1 1 1 1 1 1 1 1 26
Case #541: 5 5 7 7 10 12
Case #542: 3 6 14 21
Case #543: 4 5 8 12 16
Case #544: 9 2 3 4 4 4 5 5 6 8
Case #545: 34 1 1 1 1 1 1 1 1 1 1 1 1 1 1 1 1 1 1 1 1 1 1 1 1 1 1 1 1 1 1 1 1 1 8
Case #546: 4 2 7 14 18
Case #547: -1
Case #548: 7 3 4 6 6 6 8 8
Case #549: 3 10 11 20
Case #550: 7 2 4 6 6 7 8 8
Case #551: 5 6 7 9 9 10
Case #552: 7 2 3 6 6 8 8 8
Case #553: 7 3 5 5 5 5 8 10
Case #554: 3 2 3 36
Case #555: 7 2 4 5 5 5 9 11
Case #556: 5 3 5 6 6 21
Case #557: 7 5 5 5 5 6 6 9
Case #558: 6 2 6 6 7 10 10
Case #559: 5 3 3 6 10 19
Case #560: 10 2 3 3 3 3 3 5 5 5 9
Case #561: 6 3 5 5 7 9 12
Case #562: 7 3 3 3 5 9 9 9
Case #563: 6 1 2 7 10 10 11
Case #564: 9 1 1 1 1 1 1 1 4 30
Case #565: 3 5 17 19
Case #566: 5 5 5 5 10 16
Case #567: 6 3 3 7 7 9 12
Case #568: 8 4 4 4 4 4 4 5 12
Case #569: -1
Case #570: 9 2 4 4 4 4 5 6 6 6
Case #571: -1
Case #572: 8 4 4 4 5 5 5 5 9
Case #573: 3 4 5 32
Case #574: 6 4 4 6 8 8 11
Case #575: 5 1 1 2 9 28
Case #576: 6 1 4 5 5 10 16
Case #577: 40 1 1 1 1 1 1 1 1 1 1 1 1 1 1 1 1 1 1 1 1 1 1 1 1 1 1 1 1 1 1 1 1 1 1 1 1 1 1 1 2
Case #578: 4 2 4 10 25
Case #579: 5 1 1 1 19 19
Case #580: 6 3 5 8 8 8 9
Case #581: 8 4 4 4 4 4 5 7 9
Case #582: -1
Case #583: 6 5 5 5 5 5 16
Case #584: 8 1 1 1 1 1 3 16 17
Case #585: 9 2 3 4 4 5 5 6 6 6
Case #586: 5 3 5 5 14 14
Case #587: 5 3 4 5 12 17
Case #588: 5 4 8 9 10 10
Case #589: 3 7 12 22
Case #590: 9 2 3 4 4 5 5 5 5 8
Case #591: -1
Case #592: 18 1 1 1 1 1 1 1 1 1 1 1 1 1 1 1 1 2 23
Case #593: 6 4 5 6 6 9 11
Case #594: 15 1 1 1 1 1 1 1 1 1 1 1 1 1 5 23
Case #595: 5 1 2 6 16 16
Case #596: 6 3 5 7 8 9 9
Case #597: -1
Case #598: 14 1 1 1 1 1 1 1 1 1 1 1 1 2 27
Case #599: 7 4 5 5 6 6 6 9
Case #600: 17 1 1 1 1 1 1 1 1 1 1 1 1 1 1 1 3 23
Case #601: 6 2 3 4 5 8 19
Case #602: 6 3 7 7 8 8 8
Case #603: 5 4 4 7 8 18
Case #604: 6 2 3 5 7 11 13
Case #605: 36 1 1 1 1 1 1 1 1 1 1 1 1 1 1 1 1 1 1 1 1 1 1 1 1 1 1 1 1 1 1 1 1 1 1 1 6
Case #606: 6 1 1 1 1 5 32
Case #607: 19 1 1 1 1 1 1 1 1 1 1 1 1 1 1 1 1 1 7 17
Case #608: 4 4 9 14 14
Case #609: 6 1 2 5 7 9 17
Case #610: -1
Case #611: 8 3 3 4 4 6 6 6 9
Case #612: 6 2 6 7 7 9 10
Case #613: 3 7 14 20
Case #614: 3 5 9 27
Case #615: -1
Case #616: -1
Case #617: 4 1 5 16 19
Case #618: 5 6 7 7 9 12
Case #619: 7 1 1 1 5 5 11 17
Case #620: 4 5 9 11 16
Case #621: 6 3 6 6 7 7 12
Case #622: 7 3 4 5 5 6 9 9
Case #623: 5 5 9 9 9 9
Case #624: 3 6 11 24
Case #625: 4 6 7 8 20
Case #626: 4 7 8 12 14
Case #627: -1
Case #628: 7 1 1 1 1 1 2 34
Case #629: 7 2 6 6 6 6 7 8
Case #630: 5 1 1 11 14 14
Case #631: 5 1 3 6 9 22
Case #632: 13 1 1 1 1 1 1 1 1 1 1 5 7 19
Case #633: 7 2 4 5 5 6 8 11
Case #634: 4 6 10 10 15
Case #635: -1
Case #636: 25 1 1 1 1 1 1 1 1 1 1 1 1 1 1 1 1 1 1 1 1 1 1 1 5 13
Case #637: 6 5 5 6 7 8 10
Case #638: -1
Case #639: 6 1 4 4 9 11 12
Case #640: 6 3 3 6 6 9 14
Case #641: -1
Case #642: 4 4 5 11 21
Case #643: 6 2 3 7 8 8 13
Case #644: -1
Case #645: 8 1 1 1 1 1 1 2 33
Case #646: 6 2 4 4 9 11 11
Case #647: 5 3 8 10 10 10
Case #648: 4 5 6 8 22
Case #649: 24 1 1 1 1 1 1 1 1 1 1 1 1 1 1 1 1 1 1 1 1 1 1 1 18
Case #650: 5 8 8 8 8 9
Case #651: -1
Case #652: 4 1 11 14 15
Case #653: 6 1 4 4 4 12 16
Case #654: 5 3 5 6 12 15
Case #655: 8 3 5 5 5 5 6 6 6
Case #656: 5 1 1 9 15 15
Case #657: 5 3 5 10 11 12
Case #658: 5 4 4 5 8 20
Case #659: 8 3 3 3 5 5 6 6 10
Case #660: 6 2 3 3 3 3 27
Case #661: 4 7 8 10 16
Case #662: 5 3 7 8 10 13
Case #663: -1
Case #664: 9 2 3 3 5 5 5 6 6 6
Case #665: 8 3 3 3 3 5 5 9 10
Case #666: 5 5 7 8 9 12
Case #667: 6 3 6 7 7 8 10
Case #668: 6 3 3 5 5 12 13
Case #669: 4 10 10 10 11
Case #670: 8 3 3 3 5 5 5 7 10
Case #671: 11 1 1 1 1 1 1 1 1 1 4 28
Case #672: 4 3 4 16 18
Case #673: -1
Case #674: 8 3 3 3 4 4 6 9 9
Case #675: 4 3 5 12 21
Case #676: 7 4 4 5 6 6 8 8
Case #677: 4 2 9 10 20
Case #678: 6 2 7 8 8 8 8
Case #679: 5 3 5 7 8 18
Case #680: -1
Case #681: 7 3 4 5 5 8 8 8
Case #682: 6 2 6 6 9 9 9
Case #683: -1
Case #684: 4 5 8 10 18
Case #685: 5 5 5 6 10 15
Case #686: 6 2 4 6 8 8 13
Case #687: 38 1 1 1 1 1 1 1 1 1 1 1 1 1 1 1 1 1 1 1 1 1 1 1 1 1 1 1 1 1 1 1 1 1 1 1 1 1 4
Case #688: 5 2 3 9 10 17
Case #689: 4 6 6 9 20
Case #690: 7 2 5 5 6 7 7 9
Case #691: -1
Case #692: 23 1 1 1 1 1 1 1 1 1 1 1 1 1 1 1 1 1 1 1 1 1 7 13
Case #693: 5 3 4 7 13 14
Case #694: -1
Case #695: -1
Case #696: 6 3 4 8 8 8 10
Case #697: 17 1 1 1 1 1 1 1 1 1 1 1 1 1 1 1 4 22
Case #698: 7 3 4 5 6 6 8 9
Case #699: 25 1 1 1 1 1 1 1 1 1 1 1 1 1 1 1 1 1 1 1 1 1 1 1 1 17
Case #700: 19 1 1 1 1 1 1 1 1 1 1 1 1 1 1 1 1 1 1 23
Case #701: 5 3 6 6 9 17
Case #702: 6 3 4 8 8 9 9
Case #703: 5 6 8 8 8 11
Case #704: 6 4 5 6 8 9 9
Case #705: 6 1 3 7 7 7 16
Case #706: 10 1 1 1 1 1 1 1 1 1 32
Case #707: -1
Case #708: -1
Case #709: 6 2 6 6 6 6 15
Case #710: 21 1 1 1 1 1 1 1 1 1 1 1 1 1 1 1 1 1 1 1 5 17
Case #711: 6 3 3 4 6 12 13
Case #712: 5 5 7 9 10 10
Case #713: -1
Case #714: 6 5 5 6 6 6 13
Case #715: 5 3 4 8 8 18
Case #716: 7 2 5 5 5 8 8 8
Case #717: 5 3 8 8 11 11
Case #718: 5 3 6 9 11 12
Case #719: 3 1 2 38
Case #720: 5 3 9 9 10 10
Case #721: 13 1 1 1 1 1 1 1 1 1 1 7 11 13
Case #722: -1
Case #723: -1
Case #724: 7 2 5 5 6 6 8 9
Case #725: 6 1 1 1 7 9 22
Case #726: 6 1 1 1 3 16 19
Case #727: 6 4 5 5 8 8 11
Case #728: 27 1 1 1 1 1 1 1 1 1 1 1 1 1 1 1 1 1 1 1 1 1 1 1 1 1 1 15
Case #729: 7 2 5 5 5 6 9 9
Case #730: 6 1 5 5 5 7 18
Case #731: 7 2 3 5 5 5 8 13
Case #732: 5 4 8 9 9 11
Case #733: 4 5 8 8 20
Case #734: 4 1 4 15 21
Case #735: 5 3 5 5 6 22
Case #736: 6 1 1 1 1 1 36
Case #737: 6 3 5 6 8 8 11
Case #738: 5 2 3 3 16 17
Case #739: 16 1 1 1 1 1 1 1 1 1 1 1 1 1 1 5 22
Case #740: 5 4 4 7 11 15
Case #741: 4 7 9 10 15
Case #742: 20 1 1 1 1 1 1 1 1 1 1 1 1 1 1 1 1 1 1 1 22
Case #743: 6 1 3 5 9 10 13
Case #744: -1
Case #745: -1
Case #746: 5 1 7 10 10 13
Case #747: 5 4 4 4 12 17
Case #748: 8 1 1 1 1 1 3 7 26
Case #749: 9 1 1 1 1 1 1 1 2 32
Case #750: 7 2 4 6 6 6 8 9
Case #751: 8 1 1 3 7 7 7 7 8
Case #752: 8 3 3 5 5 6 6 6 7
Case #753: -1
Case #754: 5 3 8 9 10 11
Case #755: 4 4 6 9 22
Case #756: 7 2 3 5 5 7 8 11
Case #757: 4 8 9 12 12
Case #758: 5 3 6 6 6 20
Case #759: 3 3 6 32
Case #760: 6 2 4 7 8 10 10
Case #761: -1
Case #762: 6 2 5 6 9 9 10
Case #763: -1
Case #764: 4 8 8 9 16
Case #765: 8 3 3 3 3 3 8 9 9
Case #766: 7 3 4 6 6 7 7 8
Case #767: 6 2 6 7 7 7 12
Case #768: 8 3 4 4 5 5 5 7 8
Case #769: 4 1 8 12 20
Case #770: 5 4 7 10 10 10
Case #771: 4 7 7 11 16
Case #772: 4 3 11 12 15
Case #773: 6 1 1 1 1 3 34
Case #774: 6 4 5 6 8 8 10
Case #775: 4 1 1 2 37
Case #776: 6 1 4 4 4 14 14
Case #777: 6 3 6 8 8 8 8
Case #778: -1
Case #779: 5 1 4 9 13 14
Case #780: -1
Case #781: 5 3 8 8 8 14
Case #782: 9 4 4 4 4 4 4 4 5 8
Case #783: -1
Case #784: 2 1 40
Case #785: 4 1 1 5 34
Case #786: 6 5 6 7 7 8 8
Case #787: 7 1 1 1 1 2 9 26
Case #788: 6 3 5 7 7 8 11
Case #789: 7 2 3 5 6 7 8 10
Case #790: -1
Case #791: 6 2 4 6 9 9 11
Case #792: -1
Case #793: -1
Case #794: 7 4 4 4 5 8 8 8
Case #795: 5 5 5 7 12 12
Case #796: -1
Case #797: 10 1 1 1 1 1 1 1 1 4 29
Case #798: 11 1 1 1 1 1 1 1 1 1 3 29
Case #799: 6 3 4 7 7 10 10
Case #800: 6 5 5 5 5 9 12
Case #801: 7 2 3 5 6 7 9 9
Case #802: 7 5 5 5 5 5 8 8
Case #803: 7 2 3 5 6 6 8 11
Case #804: 3 9 12 20
Case #805: 4 3 8 12 18
Case #806: -1
Case #807: 10 1 4 4 4 4 4 4 4 4 8
Case #808: 3 6 15 20
Case #809: 4 1 1 3 36
Case #810: 11 1 1 1 1 1 1 1 1 1 2 30
Case #811: 7 2 4 5 5 7 8 10
Case #812: 5 3 5 8 12 13
Case #813: 4 2 10 11 18
Case #814: -1
Case #815: -1
Case #816: -1
Case #817: 4 1 7 16 17
Case #818: 4 4 8 9 20
Case #819: 6 3 6 7 8 8 9
Case #820: -1
Case #821: 3 6 16 19
Case #822: 3 2 9 30
Case #823: 5 3 5 5 10 18
Case #824: 2 2 39
Case #825: 9 3 3 4 4 4 5 6 6 6
Case #826: 6 3 5 6 6 8 13
Case #827: 5 1 3 7 15 15
Case #828: 5 4 6 9 10 12
Case #829: 8 3 3 3 3 6 6 7 10
Case #830: 4 4 11 12 14
Case #831: 3 5 18 18
Case #832: 5 3 5 7 12 14
Case #833: -1
Case #834: 5 4 4 8 10 15
Case #835: 7 2 5 6 6 7 7 8
Case #836: -1
Case #837: 5 3 6 10 10 12
Case #838: 5 3 4 6 13 15
Case #839: 4 6 10 11 14
Case #840: -1
Case #841: 22 1 1 1 1 1 1 1 1 1 1 1 1 1 1 1 1 1 1 1 1 1 20
Case #842: -1
Case #843: -1
Case #844: 6 2 5 5 9 9 11
Case #845: 5 6 7 8 8 12
Case #846: 5 3 4 8 9 17
Case #847: 7 1 1 1 5 7 7 19
Case #848: 7 4 5 6 6 6 7 7
Case #849: 6 3 4 6 7 8 13
Case #850: 6 2 5 7 7 8 12
Case #851: 4 7 7 9 18
Case #852: 7 2 3 5 5 7 9 10
Case #853: 6 4 5 8 8 8 8
Case #854: 5 4 6 7 12 12
Case #855: 6 3 4 4 8 11 11
Case #856: -1
Case #857: -1
Case #858: 4 4 5 16 16
Case #859: 6 3 4 7 8 9 10
Case #860: -1
Case #861: 7 2 4 5 5 8 8 9
Case #862: 13 1 1 1 1 1 1 1 1 1 1 3 7 21
Case #863: -1
Case #864: -1
Case #865: 5 4 7 8 10 12
Case #866: 4 6 11 12 12
Case #867: 3 10 15 16
Case #868: 3 2 14 25
Case #869: 7 2 4 5 5 6 9 10
Case #870: 4 3 3 3 32
Case #871: 4 4 6 10 21
Case #872: 4 8 8 10 15
Case #873: 6 2 5 7 7 10 10
Case #874: 6 2 5 6 7 8 13
Case #875: 8 3 4 4 4 4 4 9 9
Case #876: -1
Case #877: 16 1 1 1 1 1 1 1 1 1 1 1 1 1 1 6 21
Case #878: -1
Case #879: 3 3 16 22
Case #880: 5 3 3 7 14 14
Case #881: -1
Case #882: 7 4 4 4 6 7 8 8
Case #883: 7 3 4 4 5 6 8 11
Case #884: 6 1 1 4 7 8 20
Case #885: 10 3 3 3 3 3 3 5 6 6 6
Case #886: 3 9 14 18
Case #887: 4 1 5 17 18
Case #888: 7 3 4 5 7 7 7 8
Case #889: 6 1 1 1 1 2 35
Case #890: 4 2 11 14 14
Case #891: 6 2 5 6 8 8 12
Case #892: 5 1 3 7 8 22
Case #893: 6 3 5 6 7 10 10
Case #894: 11 1 4 4 4 4 4 4 4 4 4 4
Case #895: 6 5 5 6 8 8 9
Case #896: 4 6 6 10 19
Case #897: 7 3 6 6 6 6 6 8
Case #898: 4 3 8 15 15
Case #899: 5 6 6 8 8 13
Case #900: 4 9 10 10 12
Case #901: 5 3 8 8 10 12
Case #902: 6 4 6 7 8 8 8
Case #903: 4 6 8 8 19
Case #904: 5 3 7 10 10 11
Case #905: 6 3 5 7 8 8 10
Case #906: 6 2 7 7 7 8 10
Case #907: 9 2 3 3 3 3 6 6 6 9
Case #908: 13 1 1 1 1 1 1 1 1 1 1 1 2 28
Case #909: 5 3 3 3 5 27
Case #910: 3 1 17 23
Case #911: -1
Case #912: -1
Case #913: 4 3 5 6 27
Case #914: 7 2 4 4 7 8 8 8
Case #915: 4 5 7 11 18
Case #916: 4 2 5 16 18
Case #917: 6 3 5 5 7 8 13
Case #918: 3 2 7 32
Case #919: 7 2 4 5 7 7 8 8
Case #920: 35 1 1 1 1 1 1 1 1 1 1 1 1 1 1 1 1 1 1 1 1 1 1 1 1 1 1 1 1 1 1 1 1 1 1 7
Case #921: 8 3 3 4 4 5 5 7 10
Case #922: 4 1 2 14 24
Case #923: 7 3 5 6 6 6 6 9
Case #924: 4 4 6 13 18
Case #925: 9 3 4 4 4 4 4 5 5 8
Case #926: 5 4 5 7 10 15
Case #927: 9 2 3 3 4 5 6 6 6 6
Case #928: -1
Case #929: 5 5 6 8 9 13
Case #930: 6 2 6 6 7 9 11
Case #931: 7 3 5 5 6 7 7 8
Case #932: 5 3 4 11 11 12
Case #933: 8 1 3 3 5 5 5 9 10
Case #934: 4 5 7 9 20
Case #935: 4 2 6 13 20
Case #936: -1
Case #937: 16 1 1 1 1 1 1 1 1 1 1 1 1 1 1 2 25
Case #938: 5 3 4 6 14 14
Case #939: 26 1 1 1 1 1 1 1 1 1 1 1 1 1 1 1 1 1 1 1 1 1 1 1 1 1 16
Case #940: 6 3 6 6 8 9 9
Case #941: -1
Case #942: -1
Case #943: 8 3 4 4 5 6 6 6 7
Case #944: 5 3 7 9 10 12
Case #945: 12 1 1 1 1 1 1 1 1 1 1 1 30
Case #946: 8 3 3 3 5 6 6 6 9
Case #947: 5 4 4 6 12 15
Case #948: 6 6 6 6 7 7 9
Case #949: 7 2 3 4 6 7 8 11
Case #950: -1
Case #951: 7 2 6 6 6 6 6 9
Case #952: 3 11 12 18
Case #953: 8 3 3 3 3 5 6 9 9
Case #954: 19 1 1 1 1 1 1 1 1 1 1 1 1 1 1 1 1 1 2 22
Case #955: 5 3 3 6 13 16
Case #956: 6 3 5 7 7 9 10
Case #957: -1
Case #958: 4 5 9 9 18
Case #959: -1
Case #960: 7 3 4 5 5 7 8 9
Case #961: 8 3 4 4 6 6 6 6 6
Case #962: 4 2 6 9 24
Case #963: 5 4 4 7 9 17
Case #964: 13 1 1 1 1 1 1 1 1 1 1 1 1 29
Case #965: 6 3 4 6 8 9 11
