100
555 27
424 35
839 51
115 64
373 46
950 95
915 30
171 6
2 98
642 34
30 46
143 26
443 91
289 48
977 44
312 23
964 38
918 38
13 37
3 10
453 71
911 80
279 28
451 5
950 71
981 68
2 2
500 44
1000 99
173 90
140 74
398 61
824 54
5 75
2 96
551 71
1000 98
793 69
440 28
712 1
580 93
462 18
1000 97
748 77
103 5
537 11
924 39
1000 5
226 22
838 46
871 75
446 2
728 33
906 56
582 60
362 76
432 88
808 71
2 95
1000 3
1000 1
81 39
875 93
2 3
509 10
1000 96
24 85
616 91
264 31
592 91
635 54
684 94
270 26
2 99
355 11
2 97
132 90
2 1
67 45
755 11
2 5
583 72
758 85
970 99
716 10
2 4
1000 95
494 92
125 51
2 50
958 86
289 65
387 98
978 10
397 40
239 20
1000 2
29 97
452 71
1000 4
