95
0 100 2
2675 641763 3
7998 968182 1
2965 769993 4
9352 507517 9
1329 665400 3
1405 52064 3
8129 512819 4
6153 882984 8
490 499674 1
7243 39232 6
2428 914457 2
5541 34105 7
3568 887100 8
5992 237133 9
1813 539974 3
2851 217912 4
5303 577653 4
3207 523325 2
2228 961000 6
3491 376189 1
5272 393026 2
4766 385349 3
9974 603759 9
10 22322 2
8135 346033 4
5579 763362 2
2035 587687 6
3286 977701 4
2684 313879 3
22322 22322 1
4945 279540 7
8429 327368 2
1000000000 1000000000000000000 1
6574 530230 2
3825 934105 6
332 539995 7
121 131 1
6916 519450 6
2789 205886 5
4401 792858 5
9929 160753 4
3725 832955 1
6673 645665 9
1616 875376 6
1396 974496 5
1712 931656 3
8439 865622 9
2433 588437 7
6311 744038 5
3976 759716 7
981 265444 4
34432 9999920 222
999 99999 78788
1363 123520 8
1033 109791 2
21345 4441283 13
1516 476245 5
2871 611476 1
7977 626769 9
8145 485026 9
39 1000000 3
0 1000000000000000000 1000000000
2519 171840 3
0 132 1
9523 81976 5
121 132 1
852 514597 2
5759 165757 6
886 56750 8
378 659223 5
2590 45700 5
9412 458712 2
9325 343906 8
8892 186601 5
121 121 11
8989 909410 5
352 116029 3
4131 988357 1
8324 696474 7
5630 555906 6
0 1000000000000000000 1
5811 811662 1
100000 1000000000000000000 3
1209 371972 7
3459 893118 8
8229 384684 2
7597 115191 5
1002 914907 8
7800 282033 2
646 753992 3
3748 207521 4
3376 156586 6
8764 690922 4
9628 221919 9
