Case #1: 4 3 6 14 18
Case #2: 5 4 5 8 8 16
Case #3: 4 4 6 9 22
Case #4: 4 5 12 12 12
Case #5: 8 3 4 4 4 5 5 6 10
Case #6: 29 1 1 1 1 1 1 1 1 1 1 1 1 1 1 1 1 1 1 1 1 1 1 1 1 1 1 1 1 13
Case #7: 11 1 1 1 1 1 1 1 1 1 5 27
Case #8: 5 1 1 11 14 14
Case #9: 4 1 8 12 20
Case #10: 5 3 3 7 14 14
Case #11: -1
Case #12: 5 1 1 2 15 22
Case #13: 22 1 1 1 1 1 1 1 1 1 1 1 1 1 1 1 1 1 1 1 1 7 14
Case #14: 7 4 5 5 6 6 6 9
Case #15: -1
Case #16: -1
Case #17: 5 1 1 1 3 35
Case #18: 2 9 32
Case #19: 6 5 6 6 6 9 9
Case #20: -1
Case #21: 8 1 1 1 2 9 9 9 9
Case #22: 4 5 9 9 18
Case #23: 4 7 10 10 14
Case #24: 5 3 6 7 7 18
Case #25: -1
Case #26: 24 1 1 1 1 1 1 1 1 1 1 1 1 1 1 1 1 1 1 1 1 1 1 1 18
Case #27: 9 2 3 3 5 5 5 6 6 6
Case #28: 6 2 5 5 9 9 11
Case #29: -1
Case #30: 4 5 9 12 15
Case #31: 5 3 3 4 13 18
Case #32: -1
Case #33: 6 3 4 8 8 9 9
Case #34: 6 3 5 5 8 9 11
Case #35: 3 8 12 21
Case #36: 4 3 6 11 21
Case #37: 4 5 6 15 15
Case #38: -1
Case #39: 6 2 4 5 5 12 13
Case #40: 6 1 1 1 1 3 34
Case #41: 8 3 3 3 3 5 5 9 10
Case #42: 7 2 5 5 5 8 8 8
Case #43: 17 1 1 1 1 1 1 1 1 1 1 1 1 1 1 1 1 25
Case #44: 4 3 3 3 32
Case #45: 6 3 4 7 8 9 10
Case #46: 39 1 1 1 1 1 1 1 1 1 1 1 1 1 1 1 1 1 1 1 1 1 1 1 1 1 1 1 1 1 1 1 1 1 1 1 1 1 1 3
Case #47: 4 1 3 8 29
Case #48: 4 4 10 11 16
Case #49: 8 3 3 3 3 6 6 7 10
Case #50: 5 4 7 8 10 12
Case #51: -1
Case #52: 6 3 4 6 8 10 10
Case #53: 7 2 3 6 6 6 9 9
Case #54: 6 1 2 7 10 10 11
Case #55: 4 5 8 12 16
Case #56: 3 7 14 20
Case #57: 6 2 5 6 6 10 12
Case #58: 8 1 1 1 1 1 1 1 34
Case #59: 7 2 5 6 6 6 7 9
Case #60: 9 2 3 4 4 4 4 5 7 8
Case #61: 11 1 1 1 1 1 1 1 1 1 4 28
Case #62: 3 3 16 22
Case #63: 4 6 7 12 16
Case #64: -1
Case #65: 5 1 1 1 1 37
Case #66: 5 3 5 5 10 18
Case #67: 5 5 7 8 9 12
Case #68: 6 3 4 6 9 9 10
Case #69: 6 1 1 5 5 13 16
Case #70: 5 4 4 5 9 19
Case #71: -1
Case #72: 5 4 6 9 10 12
Case #73: -1
Case #74: -1
Case #75: 15 1 1 1 1 1 1 1 1 1 1 1 1 1 3 25
Case #76: -1
Case #77: 3 2 14 25
Case #78: 6 5 5 6 8 8 9
Case #79: 6 3 6 6 8 9 9
Case #80: 4 6 10 11 14
Case #81: -1
Case #82: 19 1 1 1 1 1 1 1 1 1 1 1 1 1 1 1 1 1 4 20
Case #83: -1
Case #84: 4 6 8 9 18
Case #85: 7 2 4 5 5 8 8 9
Case #86: 7 1 1 1 1 1 1 35
Case #87: 4 4 5 16 16
Case #88: -1
Case #89: 8 2 4 4 5 5 5 8 8
Case #90: 5 6 6 8 8 13
Case #91: 6 2 4 4 7 8 16
Case #92: 4 4 6 10 21
Case #93: 7 1 1 1 5 7 7 19
Case #94: 6 2 5 5 6 11 12
Case #95: -1
Case #96: 7 3 3 3 5 9 9 9
Case #97: 34 1 1 1 1 1 1 1 1 1 1 1 1 1 1 1 1 1 1 1 1 1 1 1 1 1 1 1 1 1 1 1 1 1 8
Case #98: 3 10 10 21
Case #99: 4 5 8 10 18
Case #100: 5 3 6 6 6 20
Case #101: -1
Case #102: -1
Case #103: 8 1 1 1 1 1 3 16 17
Case #104: 13 1 1 1 1 1 1 1 1 1 1 3 7 21
Case #105: -1
Case #106: 4 4 8 8 21
Case #107: 3 3 6 32
Case #108: -1
Case #109: -1
Case #110: 7 3 4 5 6 7 8 8
Case #111: 5 3 8 8 8 14
Case #112: 6 3 3 4 6 12 13
Case #113: -1
Case #114: 5 2 3 7 11 18
Case #115: 36 1 1 1 1 1 1 1 1 1 1 1 1 1 1 1 1 1 1 1 1 1 1 1 1 1 1 1 1 1 1 1 1 1 1 1 6
Case #116: 6 3 5 7 8 8 10
Case #117: -1
Case #118: -1
Case #119: 7 1 1 3 3 3 15 15
Case #120: -1
Case #121: 8 3 3 3 3 3 3 10 13
Case #122: 5 3 7 8 10 13
Case #123: 7 2 3 5 7 8 8 8
Case #124: 5 3 4 8 8 18
Case #125: 7 2 4 5 5 5 9 11
Case #126: 38 1 1 1 1 1 1 1 1 1 1 1 1 1 1 1 1 1 1 1 1 1 1 1 1 1 1 1 1 1 1 1 1 1 1 1 1 1 4
Case #127: 11 1 1 1 1 1 1 1 1 1 3 29
Case #128: 5 1 1 1 6 32
Case #129: 5 4 6 7 12 12
Case #130: 7 2 5 5 5 5 7 12
Case #131: 4 2 5 7 27
Case #132: 7 3 3 5 6 6 9 9
Case #133: -1
Case #134: 9 2 3 3 3 3 5 6 7 9
Case #135: 6 4 4 4 5 8 16
Case #136: 8 3 4 4 4 4 7 7 8
Case #137: 6 2 4 6 8 8 13
Case #138: 26 1 1 1 1 1 1 1 1 1 1 1 1 1 1 1 1 1 1 1 1 1 1 1 1 1 16
Case #139: 7 2 3 6 7 7 8 8
Case #140: 5 4 7 10 10 10
Case #141: 8 1 1 1 1 1 1 3 32
Case #142: -1
Case #143: 15 1 1 1 1 1 1 1 1 1 1 1 1 1 5 23
Case #144: 5 4 4 6 9 18
Case #145: 7 4 6 6 6 6 6 7
Case #146: 8 3 3 4 4 5 6 7 9
Case #147: 7 2 4 5 6 8 8 8
Case #148: -1
Case #149: 7 2 3 4 8 8 8 8
Case #150: 6 1 3 3 5 10 19
Case #151: 7 4 5 5 5 5 8 9
Case #152: 8 3 3 3 4 6 6 7 9
Case #153: -1
Case #154: -1
Case #155: -1
Case #156: 4 1 1 2 37
Case #157: 7 2 3 5 6 8 8 9
Case #158: 8 1 1 2 5 5 5 9 13
Case #159: -1
Case #160: 6 3 7 7 7 8 9
Case #161: 5 5 7 8 8 13
Case #162: 8 3 3 4 5 5 5 6 10
Case #163: 4 2 11 14 14
Case #164: 6 2 5 7 7 8 12
Case #165: -1
Case #166: -1
Case #167: 3 10 13 18
Case #168: 7 3 4 5 5 5 8 11
Case #169: 4 5 6 10 20
Case #170: 6 3 5 6 8 9 10
Case #171: 19 1 1 1 1 1 1 1 1 1 1 1 1 1 1 1 1 1 1 23
Case #172: 5 5 7 9 10 10
Case #173: 3 1 10 30
Case #174: 7 1 1 1 1 1 17 19
Case #175: 8 1 1 1 1 1 1 2 33
Case #176: 4 1 1 3 36
Case #177: -1
Case #178: 4 2 9 15 15
Case #179: 8 3 3 3 5 5 5 7 10
Case #180: 4 1 7 16 17
Case #181: 5 6 6 8 9 12
Case #182: 4 6 6 14 15
Case #183: 2 2 39
Case #184: 7 3 4 5 6 6 8 9
Case #185: 7 1 1 1 1 1 4 32
Case #186: -1
Case #187: 3 7 7 27
Case #188: 8 3 5 5 5 5 5 5 8
Case #189: 7 4 4 4 5 8 8 8
Case #190: 7 3 4 5 7 7 7 8
Case #191: 5 3 6 7 12 13
Case #192: 10 2 3 4 4 4 4 4 4 4 8
Case #193: 6 5 5 7 8 8 8
Case #194: 4 4 5 11 21
Case #195: 7 3 4 5 6 6 6 11
Case #196: 4 7 8 12 14
Case #197: 6 3 6 7 8 8 9
Case #198: 7 3 5 5 6 6 7 9
Case #199: 7 2 4 4 7 8 8 8
Case #200: 5 4 4 4 8 21
Case #201: 6 2 3 4 8 11 13
Case #202: 6 6 6 6 6 8 9
Case #203: 7 2 3 5 6 7 8 10
Case #204: 4 2 5 12 22
Case #205: 10 2 3 3 3 3 4 5 6 6 6
Case #206: 4 2 6 6 27
Case #207: 8 3 3 4 4 6 6 6 9
Case #208: 5 5 9 9 9 9
Case #209: 6 1 2 4 4 5 25
Case #210: 7 3 5 6 6 6 6 9
Case #211: 5 2 3 9 9 18
Case #212: 6 1 4 4 4 12 16
Case #213: 7 3 4 5 5 6 9 9
Case #214: 5 3 3 5 5 25
Case #215: 4 2 7 16 16
Case #216: 6 1 4 4 5 13 14
Case #217: 6 3 3 3 9 10 13
Case #218: -1
Case #219: 3 9 16 16
Case #220: 4 2 6 13 20
Case #221: 5 4 4 4 14 15
Case #222: -1
Case #223: 7 2 5 6 6 6 8 8
Case #224: 8 4 4 4 5 6 6 6 6
Case #225: 2 5 36
Case #226: 7 2 3 5 5 7 9 10
Case #227: 5 4 4 8 9 16
Case #228: -1
Case #229: 10 1 1 1 1 1 1 1 1 2 31
Case #230: -1
Case #231: 4 7 10 12 12
Case #232: -1
Case #233: 5 4 7 7 7 16
Case #234: -1
Case #235: 7 2 3 5 5 8 8 10
Case #236: 6 1 1 2 5 16 16
Case #237: 5 3 4 8 13 13
Case #238: 3 6 11 24
Case #239: -1
Case #240: 4 8 10 11 12
Case #241: 6 2 4 6 8 9 12
Case #242: 3 8 8 25
Case #243: -1
Case #244: 18 1 1 1 1 1 1 1 1 1 1 1 1 1 1 1 1 1 24
Case #245: 6 4 5 6 7 9 10
Case #246: 5 6 7 8 8 12
Case #247: 4 2 6 9 24
Case #248: -1
Case #249: 5 3 4 7 8 19
Case #250: 13 1 1 1 1 1 1 1 1 1 1 1 5 25
Case #251: 9 1 1 1 1 1 1 1 2 32
Case #252: -1
Case #253: 5 3 3 11 12 12
Case #254: 5 6 7 7 9 12
Case #255: 6 3 5 6 8 8 11
Case #256: 10 2 3 3 3 3 3 3 5 7 9
Case #257: 5 5 6 9 10 11
Case #258: -1
Case #259: 5 3 5 5 8 20
Case #260: 6 3 5 5 5 11 12
Case #261: 4 5 10 10 16
Case #262: 4 4 8 9 20
Case #263: 13 1 1 1 1 1 1 1 1 1 1 1 3 27
Case #264: 6 2 4 4 9 11 11
Case #265: -1
Case #266: 4 1 3 10 27
Case #267: 7 3 4 4 5 6 8 11
Case #268: 6 1 1 1 1 2 35
Case #269: 32 1 1 1 1 1 1 1 1 1 1 1 1 1 1 1 1 1 1 1 1 1 1 1 1 1 1 1 1 1 1 1 10
Case #270: 5 3 8 9 10 11
Case #271: -1
Case #272: 7 2 6 6 6 6 6 9
Case #273: 5 4 4 4 11 18
Case #274: 25 1 1 1 1 1 1 1 1 1 1 1 1 1 1 1 1 1 1 1 1 1 1 1 7 11
Case #275: 5 2 3 8 9 19
Case #276: 5 6 8 8 9 10
Case #277: 8 3 4 4 4 4 5 7 10
Case #278: 6 3 3 4 8 11 12
Case #279: -1
Case #280: -1
Case #281: 6 3 5 6 7 10 10
Case #282: 4 2 9 10 20
Case #283: 4 1 5 16 19
Case #284: 6 5 5 5 5 5 16
Case #285: 9 4 4 4 4 4 4 4 5 8
Case #286: 6 4 5 5 9 9 9
Case #287: 6 3 5 7 7 8 11
Case #288: -1
Case #289: 4 3 6 16 16
Case #290: 6 2 6 6 6 6 15
Case #291: 6 1 1 1 1 5 32
Case #292: -1
Case #293: 4 2 5 13 21
Case #294: 17 1 1 1 1 1 1 1 1 1 1 1 1 1 1 1 3 23
Case #295: 4 2 8 9 22
Case #296: -1
Case #297: 10 2 3 3 3 3 3 5 5 5 9
Case #298: 9 2 3 3 3 5 6 6 6 7
Case #299: 8 1 3 3 5 5 7 7 10
Case #300: 3 10 11 20
Case #301: 7 2 6 6 6 6 7 8
Case #302: -1
Case #303: 6 3 4 5 8 8 13
Case #304: 7 2 3 4 5 8 8 11
Case #305: 7 2 4 5 5 6 8 11
Case #306: 5 3 7 10 10 11
Case #307: -1
Case #308: 4 3 7 12 19
Case #309: 7 3 5 5 5 6 8 9
Case #310: 6 1 1 1 1 1 36
Case #311: 5 4 4 9 11 13
Case #312: 5 1 1 1 19 19
Case #313: 8 3 4 4 4 5 6 6 9
Case #314: 5 4 4 5 8 20
Case #315: 7 1 1 1 1 1 2 34
Case #316: 3 1 18 22
Case #317: 4 5 10 11 15
Case #318: 7 3 6 6 6 6 6 8
Case #319: 6 4 5 5 8 8 11
Case #320: -1
Case #321: 7 5 5 5 5 5 8 8
Case #322: 6 3 3 6 6 9 14
Case #323: 5 1 4 7 13 16
Case #324: 8 3 3 4 5 5 6 6 9
Case #325: -1
Case #326: 7 5 6 6 6 6 6 6
Case #327: 5 5 8 8 9 11
Case #328: 8 4 4 4 4 4 6 6 9
Case #329: 4 2 6 16 17
Case #330: 8 2 3 4 5 5 7 7 8
Case #331: 4 3 8 13 17
Case #332: 6 2 6 8 8 8 9
Case #333: -1
Case #334: 4 2 12 12 15
Case #335: 5 3 8 10 10 10
Case #336: 5 2 3 3 13 20
Case #337: 4 4 6 13 18
Case #338: 4 5 10 12 14
Case #339: 4 2 7 8 24
Case #340: 5 3 6 8 12 12
Case #341: 4 2 5 16 18
Case #342: 7 4 5 6 6 6 6 8
Case #343: -1
Case #344: 6 2 3 6 9 10 11
Case #345: 29 1 1 1 1 1 1 1 1 1 1 1 1 1 1 1 1 1 1 1 1 1 1 1 1 1 1 1 7 7
Case #346: 6 4 5 6 6 9 11
Case #347: 23 1 1 1 1 1 1 1 1 1 1 1 1 1 1 1 1 1 1 1 1 1 1 19
Case #348: 11 1 1 1 1 1 1 1 1 1 2 30
Case #349: 4 2 5 9 25
Case #350: -1
Case #351: -1
Case #352: 8 2 3 4 4 4 8 8 8
Case #353: 13 1 1 1 1 1 1 1 1 1 1 7 11 13
Case #354: 6 5 5 6 7 9 9
Case #355: 6 3 5 7 7 7 12
Case #356: 9 2 3 3 3 5 5 5 6 9
Case #357: 5 2 4 5 5 25
Case #358: 10 1 1 1 1 1 1 1 1 3 30
Case #359: 2 20 21
Case #360: 6 2 7 7 8 8 9
Case #361: 6 1 4 8 8 10 10
Case #362: 7 3 4 5 5 6 8 10
Case #363: 6 3 3 3 5 9 18
Case #364: 8 3 3 3 3 5 7 7 10
Case #365: -1
Case #366: 5 1 4 9 13 14
Case #367: -1
Case #368: -1
Case #369: 6 2 5 5 7 10 12
Case #370: 5 5 8 8 10 10
Case #371: 6 2 6 7 7 7 12
Case #372: 5 3 8 8 10 12
Case #373: 6 2 5 5 5 9 15
Case #374: 7 3 4 4 7 7 8 8
Case #375: 9 2 3 4 4 4 4 6 6 8
Case #376: 6 3 5 6 6 8 13
Case #377: 5 5 7 7 10 12
Case #378: -1
Case #379: 5 2 4 8 11 16
Case #380: -1
Case #381: -1
Case #382: 6 5 5 6 7 8 10
Case #383: 5 4 4 6 6 21
Case #384: 8 3 4 4 4 4 5 5 12
Case #385: 3 5 9 27
Case #386: 7 1 1 3 3 3 5 25
Case #387: 10 1 1 1 1 1 1 1 1 1 32
Case #388: 5 4 4 7 11 15
Case #389: 4 2 9 14 16
Case #390: 6 3 6 6 7 7 12
Case #391: 7 4 5 6 6 6 7 7
Case #392: 5 2 3 8 11 17
Case #393: 3 8 9 24
Case #394: 7 4 4 6 6 6 7 8
Case #395: 6 1 2 5 9 11 13
Case #396: 7 2 3 4 4 4 8 16
Case #397: -1
Case #398: 6 6 6 6 7 7 9
Case #399: 3 1 3 37
Case #400: 10 1 4 4 4 4 4 4 4 4 8
Case #401: 4 8 9 12 12
Case #402: 4 6 6 11 18
Case #403: -1
Case #404: 8 1 1 3 7 7 7 7 8
Case #405: 8 3 4 4 4 4 4 6 12
Case #406: 5 3 3 3 5 27
Case #407: 13 1 1 1 1 1 1 1 1 1 1 1 4 26
Case #408: 4 3 11 11 16
Case #409: -1
Case #410: 27 1 1 1 1 1 1 1 1 1 1 1 1 1 1 1 1 1 1 1 1 1 1 1 1 1 1 15
Case #411: 4 8 8 9 16
Case #412: 5 4 9 9 9 10
Case #413: -1
Case #414: 8 2 4 4 4 4 6 7 10
Case #415: 6 4 6 6 6 8 11
Case #416: 5 2 3 9 10 17
Case #417: 8 3 5 5 5 5 6 6 6
Case #418: 5 2 3 5 8 23
Case #419: -1
Case #420: 19 1 1 1 1 1 1 1 1 1 1 1 1 1 1 1 1 1 2 22
Case #421: 6 3 7 7 8 8 8
Case #422: 6 1 1 1 7 9 22
Case #423: 5 3 6 6 9 17
Case #424: 3 9 12 20
Case #425: 5 4 4 5 14 14
Case #426: 5 1 3 3 7 27
Case #427: 41 1 1 1 1 1 1 1 1 1 1 1 1 1 1 1 1 1 1 1 1 1 1 1 1 1 1 1 1 1 1 1 1 1 1 1 1 1 1 1 1 1
Case #428: -1
Case #429: 3 5 6 30
Case #430: 4 5 7 9 20
Case #431: 6 5 5 5 8 9 9
Case #432: 7 2 5 6 6 7 7 8
Case #433: 4 4 9 14 14
Case #434: 6 2 3 7 8 8 13
Case #435: -1
Case #436: -1
Case #437: 4 1 11 14 15
Case #438: 4 1 4 11 25
Case #439: 6 6 6 6 7 8 8
Case #440: -1
Case #441: 8 3 4 4 4 4 6 6 10
Case #442: 5 2 5 5 14 15
Case #443: 5 1 3 6 9 22
Case #444: -1
Case #445: 7 3 5 5 6 7 7 8
Case #446: 9 2 3 4 4 5 5 6 6 6
Case #447: 4 2 4 10 25
Case #448: 21 1 1 1 1 1 1 1 1 1 1 1 1 1 1 1 1 1 1 1 3 19
Case #449: 4 5 7 11 18
Case #450: 7 2 3 7 7 7 7 8
Case #451: 3 12 14 15
Case #452: 6 3 3 5 9 9 12
Case #453: -1
Case #454: 6 3 3 4 4 10 17
Case #455: 5 4 7 9 10 11
Case #456: 4 2 10 11 18
Case #457: 4 3 8 12 18
Case #458: 9 2 3 4 4 4 4 4 8 8
Case #459: 7 2 4 5 6 6 9 9
Case #460: 5 4 7 7 9 14
Case #461: 7 3 4 4 4 7 8 11
Case #462: -1
Case #463: 9 3 3 3 3 5 6 6 6 6
Case #464: 8 1 1 1 1 1 1 4 31
Case #465: -1
Case #466: 5 6 7 8 10 10
Case #467: 6 2 5 5 7 9 13
Case #468: 20 1 1 1 1 1 1 1 1 1 1 1 1 1 1 1 1 1 1 2 21
Case #469: 6 3 3 3 5 10 17
Case #470: -1
Case #471: 13 1 1 1 1 1 1 1 1 1 1 5 7 19
Case #472: 9 1 1 1 1 1 1 1 3 31
Case #473: 4 5 9 11 16
Case #474: 7 4 4 4 6 7 8 8
Case #475: -1
Case #476: 5 3 7 8 11 12
Case #477: 7 2 3 5 6 7 9 9
Case #478: 35 1 1 1 1 1 1 1 1 1 1 1 1 1 1 1 1 1 1 1 1 1 1 1 1 1 1 1 1 1 1 1 1 1 1 7
Case #479: 5 1 2 5 13 20
Case #480: 6 1 2 4 5 13 16
Case #481: 6 2 6 7 8 9 9
Case #482: 6 2 6 6 7 10 10
Case #483: 12 1 1 1 1 1 1 1 1 1 1 3 28
Case #484: -1
Case #485: 5 3 5 6 6 21
Case #486: -1
Case #487: 5 4 5 9 10 13
Case #488: 6 2 3 4 5 8 19
Case #489: 9 2 3 4 4 4 5 5 6 8
Case #490: -1
Case #491: 4 6 7 8 20
Case #492: 7 3 3 6 6 7 7 9
Case #493: 3 7 12 22
Case #494: 7 2 3 5 5 7 8 11
Case #495: 6 2 6 6 6 7 14
Case #496: 7 2 3 4 5 6 8 13
Case #497: 4 5 5 10 21
Case #498: 16 1 1 1 1 1 1 1 1 1 1 1 1 1 1 1 26
Case #499: 6 3 3 3 3 10 19
Case #500: 4 5 8 8 20
Case #501: 7 2 5 5 6 6 6 11
Case #502: 5 5 6 7 9 14
Case #503: -1
Case #504: 6 3 4 7 8 8 11
Case #505: 7 3 4 6 6 7 7 8
Case #506: 5 3 3 10 11 14
Case #507: -1
Case #508: 6 3 4 5 8 10 11
Case #509: 8 2 3 4 4 4 5 8 11
Case #510: -1
Case #511: 5 2 7 8 8 16
Case #512: 6 4 5 6 8 9 9
Case #513: -1
Case #514: 4 7 7 11 16
Case #515: -1
Case #516: 4 2 10 13 16
Case #517: 5 7 7 8 9 10
Case #518: 7 3 3 3 6 6 9 11
Case #519: 3 3 14 24
Case #520: -1
Case #521: 6 1 4 8 8 8 12
Case #522: 7 3 4 4 4 5 8 13
Case #523: 5 1 3 8 10 19
Case #524: 8 1 3 3 5 5 5 9 10
Case #525: 6 2 6 6 7 9 11
Case #526: 3 6 17 18
Case #527: 8 2 4 4 4 4 7 7 9
Case #528: 21 1 1 1 1 1 1 1 1 1 1 1 1 1 1 1 1 1 1 1 1 21
Case #529: 4 1 1 7 32
Case #530: 6 2 4 6 9 9 11
Case #531: -1
Case #532: 6 3 4 6 7 8 13
Case #533: 4 2 4 14 21
Case #534: 5 3 5 7 10 16
Case #535: 5 2 3 6 9 21
Case #536: 8 3 4 5 5 6 6 6 6
Case #537: 6 2 7 8 8 8 8
Case #538: -1
Case #539: 16 1 1 1 1 1 1 1 1 1 1 1 1 1 1 6 21
Case #540: 6 3 4 8 8 8 10
Case #541: 6 6 6 6 6 6 11
Case #542: -1
Case #543: 7 3 4 6 6 6 8 8
Case #544: 6 2 5 6 7 9 12
Case #545: -1
Case #546: -1
Case #547: 4 6 10 10 15
Case #548: 8 1 1 1 1 1 3 7 26
Case #549: 3 2 3 36
Case #550: 7 5 5 5 5 6 6 9
Case #551: 7 3 4 5 5 7 8 9
Case #552: -1
Case #553: 9 1 1 1 1 1 1 1 1 33
Case #554: 7 2 3 5 5 6 9 11
Case #555: 5 1 3 7 8 22
Case #556: 6 3 5 5 7 9 12
Case #557: 40 1 1 1 1 1 1 1 1 1 1 1 1 1 1 1 1 1 1 1 1 1 1 1 1 1 1 1 1 1 1 1 1 1 1 1 1 1 1 1 2
Case #558: 4 4 5 12 20
Case #559: 7 3 5 6 6 6 7 8
Case #560: 4 4 7 10 20
Case #561: 6 1 3 7 7 7 16
Case #562: 5 3 5 10 11 12
Case #563: 5 3 6 9 11 12
Case #564: -1
Case #565: -1
Case #566: 21 1 1 1 1 1 1 1 1 1 1 1 1 1 1 1 1 1 1 1 9 13
Case #567: 5 1 1 6 16 17
Case #568: 8 4 4 4 4 5 6 6 8
Case #569: 33 1 1 1 1 1 1 1 1 1 1 1 1 1 1 1 1 1 1 1 1 1 1 1 1 1 1 1 1 1 1 1 1 9
Case #570: 5 5 5 7 12 12
Case #571: 6 1 4 5 5 10 16
Case #572: 9 3 3 4 4 4 5 6 6 6
Case #573: 6 2 3 5 7 11 13
Case #574: 6 2 5 6 6 9 13
Case #575: -1
Case #576: -1
Case #577: 8 3 4 4 4 5 5 7 9
Case #578: -1
Case #579: -1
Case #580: 6 1 3 7 8 11 11
Case #581: 5 6 7 9 9 10
Case #582: -1
Case #583: 7 5 5 5 6 6 6 8
Case #584: 6 1 1 2 5 9 23
Case #585: 7 2 3 6 6 8 8 8
Case #586: 7 1 1 1 1 2 9 26
Case #587: -1
Case #588: 6 1 3 3 3 5 26
Case #589: 5 1 2 6 16 16
Case #590: 9 1 1 1 1 1 1 1 4 30
Case #591: 6 3 5 7 8 9 9
Case #592: 6 2 5 7 7 9 11
Case #593: 9 3 4 4 4 4 4 5 5 8
Case #594: 6 2 5 6 6 7 15
Case #595: 5 3 3 8 9 18
Case #596: -1
Case #597: -1
Case #598: 5 4 4 7 8 18
Case #599: 5 4 4 7 9 17
Case #600: 6 2 5 7 9 9 9
Case #601: -1
Case #602: 3 11 13 17
Case #603: 3 5 18 18
Case #604: 3 6 14 21
Case #605: 5 1 3 7 15 15
Case #606: 6 2 5 6 9 9 10
Case #607: 8 3 3 4 4 5 5 7 10
Case #608: -1
Case #609: 8 4 4 4 4 4 5 7 9
Case #610: 6 3 6 7 7 8 10
Case #611: 5 4 8 9 10 10
Case #612: -1
Case #613: 6 2 5 6 6 8 14
Case #614: -1
Case #615: -1
Case #616: 7 3 4 6 6 6 7 9
Case #617: 7 2 5 5 5 6 8 10
Case #618: 8 4 4 4 4 4 4 8 9
Case #619: 5 3 6 6 11 15
Case #620: -1
Case #621: 5 3 8 9 9 12
Case #622: -1
Case #623: 7 2 4 5 7 7 7 9
Case #624: 6 2 5 5 9 10 10
Case #625: 25 1 1 1 1 1 1 1 1 1 1 1 1 1 1 1 1 1 1 1 1 1 1 1 5 13
Case #626: 5 3 4 5 12 17
Case #627: 15 1 1 1 1 1 1 1 1 1 1 1 1 1 2 26
Case #628: 6 4 5 7 8 8 9
Case #629: 5 4 7 9 9 12
Case #630: 6 4 5 5 8 9 10
Case #631: 7 3 5 5 5 5 8 10
Case #632: 9 3 3 3 4 5 5 6 6 6
Case #633: 19 1 1 1 1 1 1 1 1 1 1 1 1 1 1 1 1 1 5 19
Case #634: 6 1 4 4 9 11 12
Case #635: 6 2 6 6 8 8 11
Case #636: 5 3 8 8 11 11
Case #637: -1
Case #638: 8 4 4 5 5 5 6 6 6
Case #639: 5 3 5 8 12 13
Case #640: 8 3 4 4 5 5 5 5 10
Case #641: 6 2 6 7 8 8 10
Case #642: 6 1 2 5 7 9 17
Case #643: 4 5 6 8 22
Case #644: 18 1 1 1 1 1 1 1 1 1 1 1 1 1 1 1 1 2 23
Case #645: 5 8 8 8 8 9
Case #646: -1
Case #647: 4 3 5 13 20
Case #648: 7 4 4 5 5 7 8 8
Case #649: 6 3 3 5 7 11 12
Case #650: 11 1 1 1 1 1 1 1 1 1 1 31
Case #651: 6 2 6 6 7 8 12
Case #652: 5 3 5 6 12 15
Case #653: 3 9 14 18
Case #654: -1
Case #655: 8 3 4 4 5 5 5 7 8
Case #656: 4 7 8 10 16
Case #657: 6 5 5 6 6 8 11
Case #658: 8 3 3 3 3 3 8 9 9
Case #659: 5 2 3 3 16 17
Case #660: 6 3 5 6 9 9 9
Case #661: 7 2 4 5 5 7 8 10
Case #662: -1
Case #663: 4 6 6 9 20
Case #664: 7 2 5 5 6 7 8 8
Case #665: 3 4 5 32
Case #666: 6 3 3 5 5 12 13
Case #667: 6 2 6 7 7 9 10
Case #668: 8 4 4 4 4 4 5 6 10
Case #669: 5 4 4 9 9 15
Case #670: 4 3 5 12 21
Case #671: 37 1 1 1 1 1 1 1 1 1 1 1 1 1 1 1 1 1 1 1 1 1 1 1 1 1 1 1 1 1 1 1 1 1 1 1 1 5
Case #672: 7 2 3 4 4 7 8 13
Case #673: -1
Case #674: 5 3 5 7 8 18
Case #675: -1
Case #676: 7 3 4 5 5 8 8 8
Case #677: 6 4 6 6 8 8 9
Case #678: 4 3 8 15 15
Case #679: 7 2 3 5 6 6 6 13
Case #680: 6 2 3 4 7 8 17
Case #681: -1
Case #682: 5 2 3 5 11 20
Case #683: 8 3 4 4 5 5 5 6 9
Case #684: -1
Case #685: 5 4 4 8 10 15
Case #686: 3 6 10 25
Case #687: 7 2 4 6 6 7 8 8
Case #688: 5 1 2 7 10 21
Case #689: 3 5 12 24
Case #690: 5 5 5 6 10 15
Case #691: 6 1 2 5 9 9 15
Case #692: 7 2 3 3 5 6 9 13
Case #693: -1
Case #694: 8 3 3 4 4 4 6 7 10
Case #695: -1
Case #696: 5 4 5 7 10 15
Case #697: 10 2 3 3 3 3 3 3 6 6 9
Case #698: 6 3 4 7 7 10 10
Case #699: 6 4 4 6 7 8 12
Case #700: -1
Case #701: 5 6 8 8 8 11
Case #702: 6 1 1 1 2 17 19
Case #703: 5 3 3 6 13 16
Case #704: 9 1 1 1 1 1 1 1 7 27
Case #705: 4 4 11 12 14
Case #706: 3 1 2 38
Case #707: 6 2 4 7 8 10 10
Case #708: 7 5 5 6 6 6 6 7
Case #709: 9 2 4 4 4 4 5 6 6 6
Case #710: -1
Case #711: 5 1 7 10 10 13
Case #712: 4 1 7 9 24
Case #713: 5 3 4 7 13 14
Case #714: 7 4 4 5 6 6 8 8
Case #715: -1
Case #716: 4 6 8 8 19
Case #717: 5 5 8 8 8 12
Case #718: -1
Case #719: -1
Case #720: 5 1 3 7 14 16
Case #721: 6 5 5 5 7 9 10
Case #722: 5 4 4 7 10 16
Case #723: 8 3 3 3 4 4 6 9 9
Case #724: 13 1 1 1 1 1 1 1 1 1 1 1 1 29
Case #725: 6 1 1 1 3 11 24
Case #726: 16 1 1 1 1 1 1 1 1 1 1 1 1 1 1 2 25
Case #727: 5 3 4 6 14 14
Case #728: 6 3 4 6 8 9 11
Case #729: 8 3 3 5 6 6 6 6 6
Case #730: 5 3 9 9 10 10
Case #731: 3 2 9 30
Case #732: 5 4 4 5 10 18
Case #733: 6 2 7 7 7 8 10
Case #734: 5 5 6 8 9 13
Case #735: 4 3 4 16 18
Case #736: 7 2 3 4 6 7 8 11
Case #737: 5 1 1 1 2 36
Case #738: 6 1 3 5 9 10 13
Case #739: 4 2 6 15 18
Case #740: 4 3 7 13 18
Case #741: 5 3 3 6 10 19
Case #742: 5 4 4 4 12 17
Case #743: 6 1 1 4 7 8 20
Case #744: -1
Case #745: 8 2 4 4 5 5 5 6 10
Case #746: 5 3 7 9 10 12
Case #747: 25 1 1 1 1 1 1 1 1 1 1 1 1 1 1 1 1 1 1 1 1 1 1 1 1 17
Case #748: -1
Case #749: 8 3 3 5 5 6 6 6 7
Case #750: 5 3 5 5 14 14
Case #751: 4 2 6 12 21
Case #752: 7 3 5 5 5 7 8 8
Case #753: 5 1 2 5 16 17
Case #754: 17 1 1 1 1 1 1 1 1 1 1 1 1 1 1 1 4 22
Case #755: 6 5 6 7 7 8 8
Case #756: 27 1 1 1 1 1 1 1 1 1 1 1 1 1 1 1 1 1 1 1 1 1 1 1 1 1 5 11
Case #757: 9 2 3 3 3 3 6 6 6 9
Case #758: 5 3 5 5 6 22
Case #759: 5 1 1 9 15 15
Case #760: -1
Case #761: -1
Case #762: 3 6 16 19
Case #763: 6 4 5 8 8 8 8
Case #764: 31 1 1 1 1 1 1 1 1 1 1 1 1 1 1 1 1 1 1 1 1 1 1 1 1 1 1 1 1 1 1 11
Case #765: 5 3 5 6 13 14
Case #766: -1
Case #767: 4 1 1 1 38
Case #768: -1
Case #769: -1
Case #770: 6 3 4 6 6 9 13
Case #771: 8 4 4 4 4 5 5 6 9
Case #772: 16 1 1 1 1 1 1 1 1 1 1 1 1 1 1 4 23
Case #773: 8 4 4 4 4 4 4 5 12
Case #774: 6 3 6 6 7 8 11
Case #775: 5 3 4 8 9 17
Case #776: 5 3 4 11 11 12
Case #777: 6 3 3 4 8 10 13
Case #778: -1
Case #779: 2 1 40
Case #780: 4 1 1 5 34
Case #781: -1
Case #782: 4 3 3 16 19
Case #783: 5 4 4 6 10 17
Case #784: -1
Case #785: 6 1 1 1 3 16 19
Case #786: 3 6 15 20
Case #787: 8 3 3 3 3 5 6 9 9
Case #788: 4 7 9 10 15
Case #789: 17 1 1 1 1 1 1 1 1 1 1 1 1 1 1 1 2 24
Case #790: 28 1 1 1 1 1 1 1 1 1 1 1 1 1 1 1 1 1 1 1 1 1 1 1 1 1 1 1 14
Case #791: -1
Case #792: 10 1 1 1 1 1 1 1 1 4 29
Case #793: -1
Case #794: 9 2 3 4 4 5 5 5 5 8
Case #795: 7 2 4 6 6 6 8 9
Case #796: -1
Case #797: 6 1 4 4 4 14 14
Case #798: 9 2 4 4 4 4 4 5 6 8
Case #799: -1
Case #800: 4 1 3 7 30
Case #801: 8 3 4 4 4 4 4 9 9
Case #802: 5 4 8 9 9 11
Case #803: -1
Case #804: 23 1 1 1 1 1 1 1 1 1 1 1 1 1 1 1 1 1 1 1 1 1 7 13
Case #805: 5 6 6 9 9 11
Case #806: 6 3 4 4 5 8 17
Case #807: -1
Case #808: 14 1 1 1 1 1 1 1 1 1 1 1 1 2 27
Case #809: 7 1 1 1 5 5 11 17
Case #810: 3 7 10 24
Case #811: 5 3 8 8 9 13
Case #812: 11 1 4 4 4 4 4 4 4 4 4 4
Case #813: 6 2 6 6 8 9 10
Case #814: -1
Case #815: 6 5 6 6 8 8 8
Case #816: 7 1 1 1 1 1 3 33
Case #817: 4 3 7 8 23
Case #818: 4 2 7 14 18
Case #819: 4 2 10 14 15
Case #820: 7 1 1 1 1 3 7 27
Case #821: 8 3 3 3 3 3 5 10 11
Case #822: -1
Case #823: -1
Case #824: 5 6 6 7 9 13
Case #825: 6 1 1 3 8 11 17
Case #826: 6 1 4 4 4 8 20
Case #827: -1
Case #828: 7 2 3 5 5 5 8 13
Case #829: 4 6 8 11 16
Case #830: -1
Case #831: 6 2 3 3 3 3 27
Case #832: 7 3 4 5 5 5 9 10
Case #833: 5 1 3 6 8 23
Case #834: 6 3 3 7 7 9 12
Case #835: 7 4 5 5 6 6 7 8
Case #836: 22 1 1 1 1 1 1 1 1 1 1 1 1 1 1 1 1 1 1 1 1 1 20
Case #837: -1
Case #838: 6 4 5 5 7 10 10
Case #839: 4 3 7 10 21
Case #840: 5 1 1 3 17 19
Case #841: 5 3 5 8 10 15
Case #842: 5 3 7 8 8 15
Case #843: 23 1 1 1 1 1 1 1 1 1 1 1 1 1 1 1 1 1 1 1 1 1 3 17
Case #844: 6 3 5 5 8 10 10
Case #845: 7 2 3 6 6 7 8 9
Case #846: 6 2 5 7 7 10 10
Case #847: 7 2 4 5 7 7 8 8
Case #848: 6 3 3 3 10 11 11
Case #849: -1
Case #850: 6 3 4 4 8 11 11
Case #851: 19 1 1 1 1 1 1 1 1 1 1 1 1 1 1 1 1 1 7 17
Case #852: 13 1 1 1 1 1 1 1 1 1 1 1 2 28
Case #853: -1
Case #854: 7 3 4 4 6 8 8 8
Case #855: 5 1 1 2 9 28
Case #856: 4 6 11 12 12
Case #857: 7 2 3 5 6 6 8 11
Case #858: -1
Case #859: 4 3 9 11 18
Case #860: 8 3 3 3 5 5 6 6 10
Case #861: 7 2 5 5 6 6 8 9
Case #862: 3 10 15 16
Case #863: 6 1 2 7 7 9 15
Case #864: 6 2 4 5 8 10 12
Case #865: 6 3 5 5 7 8 13
Case #866: -1
Case #867: 6 3 6 8 8 8 8
Case #868: 4 1 6 7 27
Case #869: 6 2 5 6 7 8 13
Case #870: 8 4 4 4 5 5 5 5 9
Case #871: 5 1 5 10 10 15
Case #872: 8 3 3 4 4 5 6 6 10
Case #873: 7 2 3 5 7 7 8 9
Case #874: 4 9 10 10 12
Case #875: -1
Case #876: -1
Case #877: 7 2 3 5 5 8 9 9
Case #878: 6 5 5 5 5 9 12
Case #879: -1
Case #880: 10 3 3 3 3 3 3 5 6 6 6
Case #881: 4 2 8 10 21
Case #882: 4 1 5 17 18
Case #883: 5 5 5 9 10 12
Case #884: -1
Case #885: 14 1 1 1 1 1 1 1 1 1 1 1 1 1 28
Case #886: 6 5 6 6 6 7 11
Case #887: 6 2 5 5 8 8 13
Case #888: 5 3 5 7 12 14
Case #889: 5 7 7 7 10 10
Case #890: 6 5 6 6 7 8 9
Case #891: 4 6 6 10 19
Case #892: 8 3 3 3 5 6 6 6 9
Case #893: -1
Case #894: 6 1 8 8 8 8 8
Case #895: 3 5 17 19
Case #896: 6 2 6 6 9 9 9
Case #897: 6 4 6 7 8 8 8
Case #898: 6 4 5 6 8 8 10
Case #899: 19 1 1 1 1 1 1 1 1 1 1 1 1 1 1 1 1 1 3 21
Case #900: 5 5 8 9 9 10
Case #901: 4 2 3 4 32
Case #902: 7 2 4 6 6 7 7 9
Case #903: 16 1 1 1 1 1 1 1 1 1 1 1 1 1 1 5 22
Case #904: 20 1 1 1 1 1 1 1 1 1 1 1 1 1 1 1 1 1 1 1 22
Case #905: 5 3 3 6 12 17
Case #906: 5 4 4 6 12 15
Case #907: 6 1 5 5 5 7 18
Case #908: 4 3 11 12 15
Case #909: -1
Case #910: 5 3 6 10 10 12
Case #911: 21 1 1 1 1 1 1 1 1 1 1 1 1 1 1 1 1 1 1 1 11 11
Case #912: 9 2 3 3 4 5 6 6 6 6
Case #913: 6 2 5 6 8 8 12
Case #914: 7 4 5 5 5 6 8 8
Case #915: 6 3 4 5 9 10 10
Case #916: -1
Case #917: 4 1 2 14 24
Case #918: 5 3 7 8 9 14
Case #919: 21 1 1 1 1 1 1 1 1 1 1 1 1 1 1 1 1 1 1 1 5 17
Case #920: 4 7 7 9 18
Case #921: 3 1 17 23
Case #922: 5 3 5 6 11 16
Case #923: 6 2 5 6 8 10 10
Case #924: 25 1 1 1 1 1 1 1 1 1 1 1 1 1 1 1 1 1 1 1 1 1 1 1 3 15
Case #925: 5 1 10 10 10 10
Case #926: 6 2 6 6 6 8 13
Case #927: 5 5 5 5 10 16
Case #928: 4 1 4 15 21
Case #929: 7 2 5 5 6 7 7 9
Case #930: 4 3 5 8 25
Case #931: -1
Case #932: 5 4 4 7 12 14
Case #933: 7 2 4 5 5 6 9 10
Case #934: 9 3 3 3 3 3 5 6 6 9
Case #935: 4 10 10 10 11
Case #936: 3 2 7 32
Case #937: 6 3 6 6 6 9 11
Case #938: 8 3 4 4 5 6 6 6 7
Case #939: -1
Case #940: 12 1 1 1 1 1 1 1 1 1 1 1 30
Case #941: -1
Case #942: 4 8 8 10 15
Case #943: 6 1 5 5 9 10 11
Case #944: 6 4 4 6 8 8 11
Case #945: 12 1 1 1 1 1 1 1 1 1 1 2 29
Case #946: 3 11 12 18
Case #947: 6 3 5 7 7 9 10
Case #948: 7 1 4 4 8 8 8 8
Case #949: -1
Case #950: 6 4 6 6 7 9 9
Case #951: 6 2 5 7 8 8 11
Case #952: 4 3 5 6 27
Case #953: 8 3 3 5 5 5 5 5 10
Case #954: -1
Case #955: 5 3 4 6 13 15
Case #956: 6 5 5 6 6 6 13
Case #957: -1
Case #958: 6 3 5 8 8 8 9
Case #959: -1
Case #960: 8 3 4 4 6 6 6 6 6
