965
7390
127
21870
225792
1512
12096
189
311040
362
129
5200
697106497
57600
82944
5600
34
13
23115571
72000
1440
306180
19656
74880
13680
59400
5721
79200
103
31104
8015864
6750
6804
7128
8372259
5044
18432
15876
40960
12870
23400
27184698
112896
85712697
42000
524880
81000
633
192
536870912
1680
6541551
9800
2688
81
34300
981028563
66528
59136
1134
32670
193536
8250
6765
57
29700
86
621008
3510
244944
1741
926315427
259200
62
78750
587234
43200
33108
7025
128
49500
11085765
22464
327680
111
103680
14336
20736
13860
32640
27000
67893369
99840
9489
7785
24750
116640
414720
96768
3509575
32000
281250
12150
29484
47473
11664
660
63180
44928
123
6075
519
2640
69888
900360029
19440
38400
135
786432
3864
42105
80949857
217728
2100
2431
40950
24696
8976
29160
8550
4032
5000
98
32400
11
163296
324000
65536
904152917
172800
48510
2730
8320
99
2940
41472
346742385
4000
37440
192000
567
12000
17820
2352
22950
2600
5625
35
58
98304
101
92
2070
688978813
181440
35280
76032
8208
969
8772
72
27456
80
52800
4914
25600
10240
196608
92160
113
696
235200
33750
393660
4320
442368
5376
28672
1890
84480
85050
135000
118800
957262828
6399199
214573
180000
31
64800
18000
94770
25002
132000
72900
4733
48
24576
14560
14400
84
12768
395
221184
45000
127008
13122
136080
2618049
87480
810
3900
93
84240
21168
33
215040
4680
35640
256000
241920
13440
5520
31590
30973
491520
24
7560
105
84579
15680
85536
302400
2520
8640
954158175
117
19
70235461
11264
5
37800
134400
131220
10
323
70000
42336
1000000
108864
430080
14
142884
43740
125
49
922505446
10000
6144
8424
8826131
432255
7776
133650
20160
3157819
9
226800
54432
625433749
10080
15390
170100
1836
345600
107520
23328
3240
29250
7040
3375
2340
142560
118272
230400
4608
4943
38
5346
349920
74088
396
16380
987
272160
31200
194241
54000
474
8087519
89600
28
276480
331776
41580
9409159
90720
20592
34111
41600
21952
5767201
10560
89100
4488
39600
8448
1632
179200
5824
3024
26460
4560
3360
63
73
4800
106
1100
3584
30720
432000
50688
8064
104976
20328
105840
999999999
96228
34560
83160
58320
1728
409342369
4788
16320
27720
281
42120
15552
2097152
301056
768
115248
510205
95
56448
226151256
48000
393216
4410
37
368640
364500
50544
7897861
32768
375000
162000
51030
150528
55296
630
216000
81648
48384
813
49152
207360
2736
1944
122
1000000000
42
45360
79548
90
198450
75
268800
517759
8000
64512
1600
61740
83
97200
1
5250
16800
93312
472392
7500
131980
288
2906162
233280
53760
3
20480
17920
48238
8748
49280
65610
4050
4704
1500
8316
6037
64152
6600
4158
699840
55
123480
270000
24480
5657
3264
31680
583200
29120
45
144000
96
168960
92317161
322081025
224
27216
4200
2720
11016
10752
138240
25
3000
38016
75600
122880
104
3312
8400
33600
4536
120000
792
646
653477439
300
900
105000
1001604
3168
2560
5808
122877509
58054077
3371
388800
989447237
22176
240000
10500
1323
5304
110250
641
6000
2016
168000
42755209
2250
80640
18816
307200
96000
2304
180
121
51840
33401221
1701
12672
89
9827
13230
161280
457481
32076
52
1008
998244353
40320
7455307
60000
420
147456
22848
15840
21383
4160
201600
300000
294912
77
16224
288000
408240
8100
49920
459270
94
21
291600
124
51
53
14256
9425
26
29400
1764
7680
460800
8
3528
782
165888
2200
129024
34020
110592
150000
216
99000
11340
202500
50400
10260
546750
56700
98415
15400
120
1615
20000
47628
245760
25490988
552960
501
360000
640
67584
504
16000
2
2000
361
69120
322560
38497
50000
816
518400
14700
12240
28800
1848
480000
934
46
71280
115
3072
68040
109
54
194400
69
18240
75264
16128
30030
6
160
119
7056
10710
473
279936
52920
1960
1215
986129769
8660
1520
31752
4675
7920
63504
145800
32805
1584
6720
9408
79
68
145152
2156
3564
665
105600
9000
131
65
84000
97
19008
40824
999999998
4620
34944
983900459
66
34848
24000
5280
18
36864
47958485
2310
12288
16200
405000
2025
19800
12800
243000
4374
8960
21840
967669583
486000
182250
30240
70560
35100
11000
236250
112
3456
2707
209952
3780
184320
3600
57344
15120
725573
153600
52488
482421315
7200
22500
39936
4
9180
6480
132300
71
91
15288
53940
100696425
61440
88
155520
17
23
16524
62208
33792
77760
16464
32
949106497
61966
38880
85
33696
31500
7389
70200
13824
128000
23232
21384
76
24300
1001
85881
673921
129600
1386
912
70400
15
121500
15750
78000
28512
6400
1260
9900
36
63360
4896
110
18480
9450
22
17550
82268566
971866761
9100
13056
546
64
124416
57624
340200
938017885
23760
4752
92400
10368
12960
576
44800
59
48600
999999937
9216
157464
169344
49392
336000
1920
28000
8624
5940
102
76800
74
12544
73728
1671
6552
5297
21504
655360
43
40
170
94080
468
64680
100800
35503
42768
82
91857
163840
25200
1249
116
87
58800
67500
102060
200000
95040
2160
5184
36283838
524288
1800
108
60
112000
18720
3960
916855204
193
8347
1904
5760
72576
282791
1824
540
13500
78
622080
56160
4725
25920
204120
7392
1620
17640
47
19200
141120
964532929
21600
14040
9240
476014
20
559
5073
44550
32256
14688
4655
211680
52416
47040
7938
94500
81920
24192
46464
118
64922375
5120
60480
71805
115200
441
1817
805306368
26880
9504
2400
700
108000
864
5040
9600
49000
43680
248832
5601
126
67
1056
12348
589833267
172032
126720
4480
787320
2268
1530
164640
70
4312
46080
3696
63000
1048576
86400
6840
186624
5400
29952
10800
23040
86016
7296
23100
67200
54880
314928
56
3645
391
118263990
998506315
2430
114688
6930
2880
54600
448
125440
7
252000
672
174960
5616
614400
21000
466560
107
28080
49896
176400
17424
101250
6300
3120
2403381
50
14112
16
69984
4539685
257
362880
22680
30
262440
17280
95256
88704
746803744
139968
2376
196830
44
11232
66150
961175759
7290
994617
151200
373248
2592
17136
29
57024
