100
6987083
140839
6697461
1221469
8697851
9299449
5462959
4461643
8603593
9309119
3132736
9999997
7762723
86293
9999163
1862603
9999973
559513
8
2044523
7783893
1403870
4936439
6537523
6735763
9516811
9999971
9999929
5331653
9999930
8291470
1264969
3323191
7551991
6704676
2896297
11
9971849
3949061
3702389
10000000
8873129
9999972
9999931
1281246
2872729
8184167
4
1
615403
6
6716541
2
9010879
3910981
8237213
7203246
9325574
3929879
5
12
8763892
3855409
2295773
5388168
4751053
3023326
9987391
5001361
1507483
6513281
9999161
8460583
9999998
3
4461641
9999996
13
3191803
4046177
4572049
9999991
6463741
9999999
4125389
4170220
1750607
9682616
390548
9999995
9
6865010
4461642
3410821
10
9999162
2360890
1144
8248729
7
