500
4 1000000000 1 3
4 292678792 1 2
569981406 4 2 2
632200338 3 1 2
100 3 99 2
2 100 1 3
999999999 999999999 3 2
4 100 3 99
100 1000000000 2 2
999999999 4 888595089 3
999999999 306100163 2 1
4 2 2 1
586838884 999999999 2 2
1000000000 1000000000 999999999 1
1000000000 100 2 1
999999999 999999999 3 999999998
513324740 2 1 1
3 100 2 99
999999999 4 999999998 2
1000000000 999999999 1 999999998
2 4 1 2
2 999999999 1 2
3 1000000000 1 999999999
1000000000 889034323 2 585497466
1000000000 84082569 375561153 2
1000000000 4 999999999 1
4 1000000000 3 999999999
100 1000000000 99 2
999999999 1000000000 3 2
4 625855660 3 1
999999999 100 3 99
100 100 3 2
4 999999999 2 2
1000000000 4 3 2
1000000000 4 3 3
598618548 1000000000 1 2
1000000000 3 3 1
3 999999999 2 3
100 2 99 1
100 4 1 1
1000000000 999999999 3 2
100 100 99 3
100 4 2 3
998645846 2 2 1
1000000000 1000000000 1 2
4 3 1 1
3 1000000000 2 3
1000000000 999999999 1 1
3 100 1 2
1000000000 1000000000 3 3
3 1000000000 2 2
999999999 1000000000 2 724564983
100 1000000000 1 1
3 440178503 1 1
100 1000000000 99 1
2 501785784 1 334445275
999999999 4 618409559 1
365482087 971250614 97597 28576180
100 100 1 99
4 3 2 1
100 4 99 2
999999999 100 1 99
704993648 595827515 1 3
3 100 1 1
1000000000 3 999999999 1
241065083 1000000000 1 1
999999999 4 3 2
3 4 2 3
4 999999999 2 1
999999999 100 2 2
100 1000000000 3 999999999
1000000000 4 999999999 2
2 100 1 2
1000000000 100 3 2
1000000000 100 2 27
999999999 100 2 3
1000000000 999999999 999999999 3
100 4 99 3
803061495 4 3 3
100 2 3 1
4 100 2 91
3 131597407 2 130390896
100 1000000000 1 999999999
804684832 197217720 1 153175513
402854259 831040336 3 3
135818523 100 127108945 1
543383962 764857696 2 41522173
100 4 99 1
999999999 1000000000 1 999999999
770491971 1000000000 3 1
999999999 1000000000 488516079 1
1000000000 100 1 2
999999999 4 1 1
999999999 100 3 2
713458743 999999999 1 232415301
999999999 1000000000 534911742 345724526
404696558 1000000000 344580310 355699065
3 999999999 2 2
160776118 100 1 1
3 1000000000 1 638408569
804494411 2 1 1
2 1000000000 1 1
671771882 1000000000 458242975 1
999999999 1000000000 1 1
999999999 2 2 1
4 3 3 2
999999999 1000000000 3 999999999
406955220 100 2 1
100 4 3 3
1000000000 100 3 32
1000000000 1000000000 1 3
201238540 100 49757290 14
999999999 999999999 999999998 2
1000000000 1000000000 1 4469475
1000000000 100 872721048 64
452792670 1000000000 2 115192647
1000000000 999999999 3 1
1000000000 4 120887411 1
999999999 100 1 2
4 1000000000 1 2
3 4 1 1
1000000000 999999999 999999999 2
999999999 999999999 2 999999998
4 999999999 3 3
999999999 100 3 1
4 345870621 1 11170728
999999999 999999999 2 1
1000000000 999999999 999999999 1
4 999999999 1 2
999999999 4 1 3
1000000000 4 1 3
999999999 1000000000 999999998 1
999999999 1000000000 38408940 1
999999999 100 999999998 3
100 999999999 1 1
100 999999999 99 1
1000000000 100 3 3
999999999 1000000000 3 218565021
3 3 2 2
4 3 3 1
100 100 1 2
4 999999999 1 999999998
1000000000 999999999 3 3
499812538 999999999 1 1
100 100 2 3
999999999 489345280 108542079 3
100 1000000000 3 875437474
1000000000 999999999 90055928 1
249097053 100 3 2
999999999 100 1 1
4 1000000000 3 3
4 100 2 3
999999999 3 2 2
1000000000 1000000000 3 1
100 999999999 1 913663288
372315310 428364244 1 1
205684158 100 1 3
999999999 4 999999998 3
4 999999999 2 999999998
1000000000 999999999 2 47219043
843094006 3 3 1
999999999 999999999 3 3
1000000000 4 2 3
3 1000000000 2 1
1000000000 354487415 2 1
3 999999999 1 1
1000000000 3 2 2
999999999 3 618585901 2
1000000000 1000000000 999999999 2
1000000000 100 2 99
999999999 100 2 99
100 3 1 1
3 4 1 2
4 4 1 3
100 4 2 1
3 100 2 3
100 999999999 3 3
1000000000 999999999 2 1
632902334 4 3 3
4 3 1 2
126406469 999999999 3 3
100 3 2 1
100 100 3 3
100 470997877 1 2
100 100 3 48
100 4 1 3
999999999 999999999 999999998 999999998
999999999 999999999 3 361042743
2 590064564 1 410727603
999999999 999999999 3 1
999999999 878891013 1 3
4 40276081 1 3
1000000000 999999999 1 3
100 999999999 1 999999998
2 4 1 1
4 999999999 1 344277279
999999999 999999999 2 3
100 1000000000 3 2
2 999999999 1 999999998
699118378 100 371255050 53
1000000000 999999999 2 999999998
1000000000 100 999999999 1
1000000000 4 2 2
999999999 1000000000 3 1
4 100 2 99
999999999 2 3 1
1000000000 100 999999999 2
999999999 4 90975763 3
400638252 4 3 2
1000000000 4 3 1
904027769 100 278679397 3
100 2 9 1
1000000000 2 3 1
1000000000 1000000000 432922762 516684653
1000000000 352351844 795508322 1
999999999 1000000000 2 999999999
3 3 1 1
999999999 4 3 3
100 3 1 2
1000000000 100 1 99
422251405 1000000000 332267304 3
588778144 302958057 3 3
66434218 3 2 2
999999999 100 2 1
2 1000000000 1 2
100 3 99 1
999999999 4 1 2
1000000000 1000000000 2 2
1000000000 935367125 2 688653704
3 2 2 1
100 100 2 99
1000000000 4 2 1
2 2 1 1
999999999 999999999 2 2
779009402 100 3 3
1000000000 748176992 2 3
977912389 734778827 532290378 1
100 461180180 3 3
999999999 999999999 999999998 3
3 4 1 3
3 100 1 3
914040527 100 1 2
1000000000 2 592728920 1
1000000000 100 1 3
564769898 999999999 3 3
1000000000 1000000000 999999999 3
999999999 1000000000 1 3
3 100 2 1
100 1000000000 99 999999999
3 1000000000 1 3
3 100 2 2
100 397986566 65 2
1000000000 723284552 647366837 1
4 1000000000 3 2
100 999999999 1 2
269564282 100 1 3
3 4 2 1
999999999 100 1 3
1000000000 1000000000 2 999999999
3 999999999 1 2
1000000000 527180352 2 1
999999999 999999999 1 3
3 999999999 2 999999998
4 1000000000 2 1
4 1000000000 1 1
999999999 4 2 1
1000000000 100 2 2
4 4 3 1
19089712 3 3 1
2 100 1 1
100 305987626 2 48247012
999999999 100 999999998 99
1000000000 1000000000 301408972 2
100 1000000000 2 1
4 100 2 2
100 1000000000 1 2
3 387806766 2 3
3 348674172 2 208198940
4 4 1 1
4 100 2 71
4 3 2 2
543390985 2 25843304 1
999999999 4 2 3
999999999 999999999 1 2
3 999999999 1 999999998
100 999999999 2 999999998
4 410312616 3 176330867
4 999999999 3 999999998
4 4 2 1
4 100 3 1
100 999999999 43 2
3 999999999 2 1
100 2 1 1
1000000000 3 2 1
999999999 2 1 1
4 100 1 3
3 1000000000 2 999999999
100 100 3 1
100 999999999 3 999999998
999999999 100 3 3
3 3 1 2
100 1000000000 3 3
1000000000 999999999 3 999999998
100 100 99 2
100 4 84 3
349725997 3 3 2
999999999 999999999 13776769 2
163592637 549432548 2 110629430
3 1000000000 1 2
4 100 3 3
4 4 2 2
2 3 1 2
1000000000 293794518 859896680 2
1000000000 1000000000 245797795 1
100 100 70 2
1000000000 1000000000 2 3
999999999 130079639 121158886 3
3 999999999 1 3
4 1000000000 1 809590669
100 999999999 72 3
2 3 1 1
999999999 2 999999998 1
100 2 2 1
3 999999999 2 217585714
4 2 3 1
3 332461468 2 3
1000000000 4 998306795 2
1000000000 3 1 1
4 142306207 2 3
38475058 4 38289611 2
4 999999999 3 2
999999999 1000000000 999999998 999999999
245635459 1000000000 2 2
6565870 999999999 5153895 286487589
4 4 3 2
999999999 3 3 2
2 475952396 1 3
1000000000 2 1 1
4 1000000000 3 1
100 100 99 99
1000000000 743670139 3 3
999999999 1000000000 3 233117279
207868204 1000000000 2 225202610
4 999999999 2 3
4 1000000000 2 999999999
4 867643142 2 2
351511977 1000000000 3 1
2 999999999 1 3
100 4 2 2
1000000000 4 999999999 3
100 3 98 2
100 380837481 37 96807255
100 100 2 1
4 999999999 1 3
4 100 3 2
999999999 3 1 2
3 999999999 2 478452455
3 3 2 1
501599341 999999999 2 3
100 999999999 1 3
100 1000000000 2 3
204388631 3 2 2
999999999 3 2 1
100 999999999 99 999999998
100 100 3 99
999999999 3 3 1
999999999 3 1 1
999999999 999999999 1 1
3 525092475 2 3
2 4 1 3
999999999 1000000000 2 1
1000000000 100 3 1
999999999 1000000000 2 2
621335426 20082604 2 3
100 100 1 1
4 100 1 1
474573491 100 2 2
1000000000 100 3 62
4 308024713 3 2
100 999999999 5 3
100 1000000000 3 881233701
4 21218471 2 2
100 999999999 2 3
4 4 1 2
1000000000 100 1 1
1000000000 4 606716047 3
999999999 999999999 999999998 1
271589777 216429783 1 1
2 100 1 99
755742919 1000000000 2 2
4 1000000000 2 2
4 100 1 2
76553835 3 3 2
1000000000 3 1 2
1000000000 999999999 313743023 2
4 4 3 3
999999999 153855548 3 2
2 1000000000 1 999999999
70829133 100 3 26
4 100 2 1
3 999999999 2 930212147
100 1000000000 3 1
275678673 999999999 1 1
3 811153361 1 12686097
100 3 2 2
3 565428755 1 2
1000000000 1000000000 2 1
100 100 99 1
4 783105139 2 2
999999999 1000000000 999999998 3
1000000000 3 999999999 2
100 999999999 3 607160337
100 999999999 3 2
427727826 1000000000 3 1
588175668 2 2 1
100 4 3 1
1000000000 1000000000 1 1
992439437 2 2 1
100 3 3 2
1000000000 100 968047634 19
999999999 4 2 2
100 100 2 2
1000000000 100 99694839 3
100 999999999 49 1
100 999999999 3 1
1000000000 999999999 2 2
100 1000000000 99 3
1000000000 100 999999999 3
999999999 1000000000 1 2
1000000000 999999999 999999999 999999998
1000000000 2 2 1
2 999999999 1 1
100 4 3 2
4 999999999 1 1
826551905 100 1 49
3 100 1 99
1000000000 100 75322340 3
1000000000 100 2 16
999999999 4 3 1
3 190048202 1 3
1000000000 1000000000 999999999 999999999
630783940 100 3 2
4 1000000000 1 999999999
759115178 100 3 1
4 4 2 3
999999999 999999999 1 999999998
688697997 456509775 2 1
999999999 3 999999998 2
1000000000 3 3 2
874810763 1000000000 1 903855415
606735969 100 574575067 9
3 2 1 1
999999999 3 132294377 2
999999999 4 627313199 3
100 4 1 2
3 1000000000 1 1
4 1000000000 2 374349453
1000000000 1000000000 3 999999999
100 3 3 1
3 100 1 64
100 999999999 2 1
4 2 1 1
100 999999999 2 2
900930753 3 3 1
3 637320062 1 460765579
999999999 100 999999998 1
1000000000 2 999999999 1
3 999999999 1 79992930
100 100 1 3
100 1000000000 1 3
999999999 100 2 11
999999999 1000000000 999999998 2
100 999999999 99 2
1000000000 1000000000 1 999999999
100 999999999 99 3
1000000000 1000000000 244626410 3
4 100 1 99
515006471 3 3 2
1000000000 100 999999999 99
1000000000 100 2 3
475576299 79599546 62711377 1
999999999 1000000000 2 3
1000000000 1000000000 3 2
1000000000 100 3 99
999999999 100 999999998 2
1000000000 999999999 1 2
999999999 3 999999998 1
4 999999999 3 1
1000000000 999999999 2 3
4 1000000000 2 3
312920545 1000000000 309279031 2
999999999 1000000000 3 3
3 4 2 2
2 1000000000 1 3
1000000000 4 1 1
1000000000 4 1 2
999999999 4 999999998 1
100 1000000000 2 999999999
1000000000 100 450060632 3
377173489 999999999 3 1
