65
9334 14595 5458585253152592
5089 7407 1785197717173513
4175966084693454 5040165207533386 1846283425419327
7861 11257 5477539912208008
6 6 3465509398779757
259149987802241 6689368820300403 3534721002568495
63664 95087 9775891537969006
3 5 840843200459482
9706554173387903 5097740681849255 2095245244912381
10 13 11234567890
1 3 100
48878 70096 1422160026469748
2 3 5
650920191250544 3690753017565881 4021727189586015
4 6 2271224666368145
314 512 1024
13973 26419 3513626523439425
725831654114702 4541733210835335 2742887072719959
3626621529746551 3995165959615617 3319701929960343
64922 110795 4504704366599950
5 1 100
1 1 1000000000000
1 1 3771679948420674
9 17 7379218941168776
5 9 2462869142646418
2 2 1081292147434158
314 512 133769420
5 8 550103143310362
1000000000000 1 1
9545048558841825 6899255672076999 9272818149758853
37177 52260 3627623246300954
25878 28689 9188723367817961
49127 75508 3693288613316216
10 13 3337041873753082
4 4 1760792368134037
4 7 6988873275022466
3865717696012301 6136029900710052 3321279115901350
52245 85277 3528041057867931
10 10 4042027009034951
9 15 5802491041437611
60280 106158 382504020903546
8025714536856354 9903000027803061 904922510325972
9 10 9259928947805118
2 3 9429605562755370
9 9 2395440648063235
7 7 6977204123379581
2 2 9825445613196928
6 9 497087563
1000000000000 1 1000000000000
9966606336937688 9740005473217677 583445907010364
1 1000000000000 1
5 7 4495587747091262
2 3 1
4 4 4198590241362000
26597 37816 4245730305851899
2407 4810 850600912749360
7 12 6439637337963783
1 1 6044898352400565
19716 29416 841088842498107
1 1000000000000 1000000000000
1 1 7851116204037232
2 3 2
8272 10247 5338458442301888
74116 111994 1493371909130523
6 9 2903294259185990
