100
5630 555906 6
332 539995 7
1712 931656 3
6153 882984 8
1925 194236 4
9046 160519 7
0 100 2
1516 476245 5
8892 186601 5
3568 887100 8
1209 371972 7
2675 641763 3
3825 934105 6
490 499674 1
5992 237133 9
2965 769993 4
3376 156586 6
7800 282033 2
9523 81976 5
9412 458712 2
7998 968182 1
9390 517315 4
2519 171840 3
6673 645665 9
8135 346033 4
3976 759716 7
121 132 1
4131 988357 1
8989 909410 5
39 1000000 3
3286 977701 4
1329 665400 3
2789 205886 5
2871 611476 1
100000 1000000000000000000 3
10 22322 2
5579 763362 2
22322 22322 1
9974 603759 9
8324 696474 7
3725 832955 1
1033 109791 2
646 753992 3
1396 974496 5
8129 512819 4
1363 123520 8
2684 313879 3
8145 485026 9
2228 961000 6
9628 221919 9
8764 690922 4
8439 865622 9
352 116029 3
3207 523325 2
5541 34105 7
5759 165757 6
3459 893118 8
21345 4441283 13
34432 9999920 222
852 514597 2
4401 792858 5
0 1000000000000000000 1
2433 588437 7
886 56750 8
2035 587687 6
8429 327368 2
999 99999 78788
9352 507517 9
7597 115191 5
0 132 1
6311 744038 5
121 131 1
2428 914457 2
2590 45700 5
8229 384684 2
7243 39232 6
9325 343906 8
6574 530230 2
2851 217912 4
5303 577653 4
121 121 11
5272 393026 2
378 659223 5
3748 207521 4
5811 811662 1
7977 626769 9
1000000000 1000000000000000000 1
4766 385349 3
0 1000000000000000000 1000000000
1616 875376 6
1405 52064 3
7558 716225 8
1002 914907 8
6916 519450 6
6760 325542 7
3491 376189 1
9929 160753 4
981 265444 4
1813 539974 3
4945 279540 7
